年度	リーグ	順位	選手	チーム	打率	試合	打席	打数	得点	安打	二塁打	三塁打	本塁打	塁打	打点	盗塁	盗塁刺	犠打	犠飛	四球	故意四	死球	三振	併殺打	長打率	出塁率
2023	P	1	頓宮　裕真	(オ)	0.307	113	451	401	49	123	23	0	16	194	49	0	0	1	2	41	0	6	69	11	0.484	0.378
2023	P	2	近藤　健介	(ソ)	0.303	143	613	492	75	149	33	0	26	260	87	3	4	0	6	109	7	6	117	7	0.528	0.431
2023	P	3	柳田　悠岐	(ソ)	0.299	143	625	546	57	163	29	3	22	264	85	1	0	0	6	64	1	9	97	9	0.484	0.378
2023	P	4	森　友哉	(オ)	0.294	110	453	384	49	113	24	2	18	195	64	4	1	1	7	54	4	7	61	9	0.508	0.385
2023	P	5	松本　剛	(日)	0.276	134	561	507	51	140	16	2	3	169	30	12	12	7	3	37	3	7	57	11	0.333	0.332
2023	P	6	紅林　弘太郎	(オ)	0.275	127	482	443	37	122	19	1	8	167	39	4	6	7	3	28	0	1	63	19	0.377	0.318
2023	P	7	中村　晃	(ソ)	0.274	136	585	511	52	140	13	2	5	172	37	0	2	7	4	60	3	3	53	8	0.337	0.351
2023	P	8	浅村　栄斗	(楽)	0.274	143	601	522	64	143	20	0	26	241	78	2	1	0	1	75	4	3	108	9	0.462	0.368
2023	P	9	中川　圭太	(オ)	0.269	135	563	506	66	136	29	5	12	211	55	5	5	6	1	43	0	7	90	9	0.417	0.334
2023	P	10	万波　中正	(日)	0.265	141	582	533	69	141	33	0	25	249	74	2	1	2	2	41	2	4	138	12	0.467	0.321
2023	P	11	辰己　涼介	(楽)	0.263	133	495	434	45	114	16	5	9	167	43	13	4	8	1	40	0	12	99	3	0.385	0.341
2023	P	12	外崎　修汰	(西)	0.26	136	571	503	60	131	28	3	12	201	54	26	3	3	4	56	0	5	114	11	0.4	0.338
2023	P	13	マキノン	(西)	0.259	127	514	464	50	120	17	2	15	186	50	1	1	0	2	48	0	0	91	7	0.401	0.327
2023	P	14	小深田　大翔	(楽)	0.258	134	549	477	67	123	8	6	5	158	37	36	6	20	1	48	0	3	83	8	0.331	0.329
2023	P	15	今宮　健太	(ソ)	0.255	126	484	427	38	109	22	0	9	158	48	4	0	24	4	27	1	2	58	14	0.37	0.3
2023	P	16	マルティネス	(日)	0.246	119	444	386	39	95	24	0	15	164	66	0	4	0	3	44	0	11	99	15	0.425	0.338
2023	P	17	宗　佑磨	(オ)	0.245	122	478	428	38	105	17	3	2	134	22	1	1	9	1	36	1	4	55	9	0.313	0.309
2023	P	18	ポランコ	(ロ)	0.242	125	497	447	43	108	15	0	26	201	75	0	0	0	3	47	5	0	92	3	0.45	0.312
2023	P	19	安田　尚憲	(ロ)	0.238	122	472	416	33	99	24	0	9	150	43	2	0	0	5	49	2	2	95	10	0.361	0.318
2023	P	20	野村　佑希	(日)	0.236	125	473	423	42	100	21	1	13	162	43	4	1	0	4	42	0	4	112	3	0.383	0.309
2023	P	21	山口　航輝	(ロ)	0.235	115	474	421	46	99	21	0	14	162	57	0	0	0	5	43	6	5	122	7	0.385	0.31
2023	P	22	中村　奨吾	(ロ)	0.22	137	584	508	61	112	23	0	11	168	48	3	1	13	4	52	2	7	89	20	0.331	0.299
2022	P	1	松本　剛	(日)	0.347	117	445	395	48	137	23	2	3	173	44	21	5	10	4	32	5	4	42	13	0.438	0.398
2022	P	2	吉田　正尚	(オ)	0.335	119	508	412	56	138	28	1	21	231	88	4	0	0	7	80	18	9	41	11	0.561	0.447
2022	P	3	島内　宏明	(楽)	0.298	142	613	541	59	161	36	3	14	245	77	5	3	2	3	63	1	4	82	16	0.453	0.373
2022	P	4	今宮　健太	(ソ)	0.296	130	510	450	56	133	30	0	7	184	47	3	4	19	1	37	0	3	71	14	0.409	0.352
2022	P	5	中川　圭太	(オ)	0.283	110	468	424	54	120	25	9	8	187	51	11	2	8	6	26	2	4	79	5	0.441	0.326
2022	P	6	柳田　悠岐	(ソ)	0.275	117	491	437	63	120	18	1	24	212	79	2	3	0	5	43	6	6	106	6	0.485	0.344
2022	P	7	髙部　瑛斗	(ロ)	0.274	137	608	541	66	148	16	6	3	185	38	44	10	22	3	36	1	6	103	12	0.342	0.324
2022	P	8	辰己　涼介	(楽)	0.271	120	476	409	60	111	14	3	11	164	35	12	5	13	1	42	1	11	103	7	0.401	0.354
2022	P	9	宗　佑磨	(オ)	0.271	130	537	469	55	127	23	1	5	167	43	4	5	9	6	45	2	8	81	11	0.356	0.341
2022	P	10	福田　周平	(オ)	0.268	118	502	448	65	120	11	6	0	143	24	9	7	14	0	32	0	8	50	8	0.319	0.328
2022	P	11	小深田　大翔	(楽)	0.267	118	479	424	54	113	16	5	2	145	29	21	7	12	3	37	0	3	65	6	0.342	0.328
2022	P	12	源田　壮亮	(西)	0.266	108	456	414	39	110	8	8	2	140	17	12	4	11	0	30	0	1	72	6	0.338	0.317
2022	P	13	山川　穂高	(西)	0.266	129	528	448	62	119	17	0	41	259	90	0	0	0	1	68	13	11	114	12	0.578	0.375
2022	P	14	鈴木　大地	(楽)	0.257	125	477	408	39	105	19	0	5	139	35	4	2	9	4	38	0	18	52	11	0.341	0.344
2022	P	15	中村　奨吾	(ロ)	0.257	138	596	498	52	128	31	0	12	195	68	15	6	9	9	70	3	10	86	13	0.392	0.354
2022	P	16	浅村　栄斗	(楽)	0.252	143	633	532	73	134	17	0	27	232	86	4	3	0	4	92	7	5	137	13	0.436	0.365
2022	P	17	紅林　弘太郎	(オ)	0.224	130	495	450	35	101	20	2	6	143	32	2	2	10	2	26	1	6	71	14	0.318	0.275
2022	P	18	清宮　幸太郎	(日)	0.219	129	461	406	52	89	25	3	18	174	55	4	5	2	2	45	2	6	113	6	0.429	0.305
2022	P	19	西川　遥輝	(楽)	0.218	108	451	372	58	81	17	4	7	127	37	19	8	6	2	68	0	3	103	2	0.341	0.342
2022	P	20	外崎　修汰	(西)	0.215	132	547	478	54	103	25	3	12	170	47	10	6	11	3	52	0	3	113	12	0.356	0.295
2022	P	21	オグレディ	(西)	0.213	123	465	404	42	86	24	0	15	155	46	2	1	0	2	54	3	5	129	8	0.384	0.312
2021	P	1	鈴木　誠也	(広)	0.317	132	533	435	77	138	26	0	38	278	88	9	4	0	5	87	11	6	88	7	0.639	0.433
2021	P	2	坂倉　将吾	(広)	0.315	132	484	422	58	133	24	2	12	197	68	4	3	2	5	51	1	4	60	9	0.467	0.39
2021	P	3	牧　秀悟	(デ)	0.314	137	523	487	73	153	35	3	22	260	71	2	1	1	2	27	1	6	85	16	0.534	0.356
2021	P	4	近本　光司	(神)	0.313	140	612	569	91	178	33	5	10	251	50	24	7	4	2	33	0	4	58	6	0.441	0.354
2021	P	5	桑原　将志	(デ)	0.31	135	571	519	84	161	39	2	14	246	43	12	7	4	0	44	1	4	75	12	0.474	0.369
2021	P	6	佐野　恵太	(デ)	0.303	143	615	545	73	165	34	2	17	254	72	0	1	0	4	61	1	5	73	14	0.466	0.376
2021	P	7	宮﨑　敏郎	(デ)	0.301	141	569	519	61	156	32	0	16	236	73	0	0	0	5	41	3	4	53	15	0.455	0.353
2021	P	8	小園　海斗	(広)	0.298	113	481	449	65	134	18	6	5	179	35	4	4	12	4	13	1	3	57	7	0.399	0.32
2021	P	9	大島　洋平	(中)	0.292	141	596	548	54	160	19	5	1	192	34	16	8	1	2	42	5	3	60	4	0.35	0.345
2021	P	10	西川　龍馬	(広)	0.286	137	551	504	57	144	19	1	12	201	60	3	3	4	4	37	1	2	70	14	0.399	0.335
2021	P	10	糸原　健斗	(神)	0.286	125	488	441	34	126	17	3	2	155	30	6	5	1	3	41	0	2	61	9	0.351	0.347
2021	P	12	中村　悠平	(ヤ)	0.279	123	445	377	47	105	24	0	2	135	36	0	3	14	4	46	0	4	66	10	0.358	0.36
2021	P	13	塩見　泰隆	(ヤ)	0.278	140	534	474	80	132	21	7	14	209	59	21	5	2	0	48	1	10	156	1	0.441	0.357
2021	P	14	村上　宗隆	(ヤ)	0.278	143	615	500	82	139	27	0	39	283	112	12	7	0	3	106	6	6	133	12	0.566	0.408
2021	P	15	菊池　涼介	(広)	0.277	132	542	494	64	137	23	2	16	212	60	1	5	2	3	42	2	1	86	8	0.429	0.333
2021	P	16	ビシエド	(中)	0.275	130	526	480	44	132	23	1	17	208	70	1	2	0	3	35	9	8	56	15	0.433	0.333
2021	P	17	松原　聖弥	(巨)	0.274	135	477	431	69	118	20	4	12	182	37	15	7	3	3	38	0	2	100	4	0.422	0.333
2021	P	18	中野　拓夢	(神)	0.273	135	525	466	45	127	15	4	1	153	36	30	2	20	4	29	5	6	81	6	0.328	0.321
2021	P	19	山田　哲人	(ヤ)	0.272	137	581	493	84	134	18	0	34	254	101	4	3	0	7	76	0	5	100	10	0.515	0.37
2021	P	20	坂本　勇人	(巨)	0.271	117	487	424	53	115	26	0	19	198	46	2	3	2	2	58	4	1	90	4	0.467	0.359
2021	P	21	丸　佳浩	(巨)	0.265	118	457	392	58	104	21	0	23	194	55	5	3	0	2	63	0	0	120	5	0.495	0.365
2021	P	22	岡本　和真	(巨)	0.265	143	592	521	71	138	19	1	39	276	113	1	1	0	7	57	4	7	108	16	0.53	0.341
2021	P	23	大山　悠輔	(神)	0.26	129	512	466	55	121	23	2	21	211	71	2	1	0	7	37	1	2	89	15	0.453	0.313
2021	P	24	高橋　周平	(中)	0.259	137	520	475	40	123	27	0	5	165	39	1	0	0	4	40	4	1	79	21	0.347	0.315
2021	P	25	オスナ	(ヤ)	0.258	120	495	469	42	121	24	2	13	188	60	3	0	0	2	22	2	2	80	18	0.401	0.293
2021	P	26	マルテ	(神)	0.258	128	526	446	55	115	18	1	22	201	71	0	0	0	2	74	3	4	72	16	0.451	0.367
2021	P	26	青木　宣親	(ヤ)	0.258	122	501	446	57	115	29	0	9	171	56	0	0	0	2	43	1	10	44	10	0.383	0.335
2021	P	28	京田　陽太	(中)	0.257	113	448	409	41	105	7	4	3	129	24	6	5	8	3	21	0	7	75	5	0.315	0.302
2021	P	29	サンズ	(神)	0.248	120	461	408	47	101	21	1	20	184	65	1	1	0	3	49	5	1	89	11	0.451	0.328
2021	P	30	佐藤　輝明	(神)	0.238	126	455	425	56	101	25	0	24	198	64	6	2	0	2	25	4	3	173	2	0.466	0.284
2021	P	31	ソト	(デ)	0.234	123	451	410	42	96	18	1	21	179	62	0	1	0	1	35	4	5	116	12	0.437	0.302
2021	P	32	梅野　隆太郎	(神)	0.225	130	458	404	33	91	15	3	3	121	33	8	4	6	2	41	3	5	107	14	0.3	0.303
2020	P	1	吉田　正尚	(オ)	0.35	120	492	408	55	143	22	1	14	209	64	8	5	0	4	72	17	8	29	6	0.512	0.453
2020	P	2	柳田　悠岐	(ソ)	0.342	119	515	427	90	146	23	5	29	266	86	7	2	0	3	84	8	1	103	2	0.623	0.449
2020	P	3	近藤　健介	(日)	0.34	108	467	371	56	126	31	1	5	174	60	4	0	0	5	89	3	2	72	6	0.469	0.465
2020	P	4	西川　遥輝	(日)	0.306	115	523	422	82	129	17	3	5	167	39	42	7	4	3	92	1	2	84	5	0.396	0.43
2020	P	5	鈴木　大地	(楽)	0.295	120	546	478	71	141	27	1	4	182	55	1	3	12	3	46	0	7	58	18	0.381	0.363
2020	P	6	小深田　大翔	(楽)	0.288	112	437	378	61	109	16	5	3	144	31	17	9	11	2	42	0	4	59	5	0.381	0.364
2020	P	7	渡邉　諒	(日)	0.283	117	465	414	49	117	13	4	6	156	39	4	2	5	3	43	0	0	81	9	0.377	0.348
2020	P	8	島内　宏明	(楽)	0.281	114	471	406	50	114	17	2	8	159	53	9	1	6	4	48	1	7	71	8	0.392	0.363
2020	P	9	浅村　栄斗	(楽)	0.28	120	529	432	72	121	25	0	32	242	104	1	1	0	2	91	2	4	111	15	0.56	0.408
2020	P	10	大田　泰示	(日)	0.275	115	481	455	57	125	16	1	14	185	68	3	3	0	0	25	1	1	105	11	0.407	0.314
2020	P	11	ロメロ	(楽)	0.272	103	404	356	46	97	19	2	24	192	63	0	0	0	2	38	5	8	108	8	0.539	0.354
2020	P	12	栗山　巧	(西)	0.272	111	428	372	37	101	22	0	12	159	67	0	0	0	2	53	2	1	77	10	0.427	0.362
2020	P	13	中村　晃	(ソ)	0.271	100	413	362	43	98	13	2	6	133	50	0	0	3	6	39	0	3	47	4	0.367	0.341
2020	P	14	源田　壮亮	(西)	0.27	120	518	455	67	123	14	5	1	150	21	18	8	22	2	38	0	1	80	6	0.33	0.327
2020	P	15	スパンジェンバーグ	(西)	0.268	111	445	407	51	109	26	8	15	196	57	12	2	0	2	32	0	4	150	2	0.482	0.326
2020	P	16	Ｔ－岡田	(オ)	0.256	100	377	328	36	84	18	0	16	150	55	5	3	0	5	40	1	4	87	11	0.457	0.34
2020	P	17	森　友哉	(西)	0.251	104	405	358	46	90	15	2	9	136	38	4	2	2	4	38	0	3	67	7	0.38	0.325
2020	P	18	中村　奨吾	(ロ)	0.249	120	499	422	57	105	25	0	8	154	49	6	3	15	2	52	1	8	97	6	0.365	0.341
2020	P	19	外崎　修汰	(西)	0.247	120	500	433	62	107	18	2	8	153	43	21	7	7	2	54	1	4	87	7	0.353	0.335
2020	P	20	井上　晴哉	(ロ)	0.245	113	447	376	44	92	11	0	15	148	67	0	0	0	4	59	2	8	93	11	0.394	0.356
2020	P	21	栗原　陵矢	(ソ)	0.243	118	500	440	52	107	21	3	17	185	73	5	5	11	6	38	0	5	90	7	0.42	0.307
2020	P	22	中田　翔	(日)	0.239	119	506	440	52	105	18	0	31	216	108	1	0	0	9	55	3	2	109	19	0.491	0.32
2020	P	23	マーティン	(ロ)	0.234	104	448	359	72	84	15	0	25	174	65	7	2	0	2	70	5	17	100	10	0.485	0.382
2020	P	24	松田　宣浩	(ソ)	0.228	116	431	395	36	90	16	3	13	151	46	1	0	0	3	32	0	1	76	2	0.382	0.285
2020	P	25	安田　尚憲	(ロ)	0.221	113	460	393	32	87	19	1	6	126	54	2	1	0	4	62	1	1	106	10	0.321	0.326
2020	P	26	山川　穂高	(西)	0.205	102	401	322	47	66	7	0	24	145	73	0	0	0	2	64	4	13	100	6	0.45	0.357
2019	P	1	森　友哉	(西)	0.329	135	573	492	96	162	34	2	23	269	105	3	2	1	6	72	3	2	89	9	0.547	0.413
2019	P	2	吉田　正尚	(オ)	0.322	143	610	521	92	168	24	2	29	283	85	5	1	0	5	79	12	5	64	12	0.543	0.413
2019	P	3	荻野　貴司	(ロ)	0.315	125	569	508	76	160	35	7	10	239	46	28	10	9	4	40	1	8	56	4	0.47	0.371
2019	P	4	銀次	(楽)	0.304	141	590	529	56	161	24	1	5	202	56	2	5	4	1	52	2	4	58	19	0.382	0.37
2019	P	5	秋山　翔吾	(西)	0.303	143	678	590	112	179	31	4	20	278	62	12	8	0	1	78	2	9	108	8	0.471	0.392
2019	P	6	近藤　健介	(日)	0.302	138	600	490	74	148	32	5	2	196	59	1	4	0	5	103	3	2	81	11	0.4	0.422
2019	P	7	大田　泰示	(日)	0.289	132	594	557	79	161	28	1	20	251	77	6	2	0	5	27	4	5	111	22	0.451	0.325
2019	P	8	鈴木　大地	(ロ)	0.288	140	614	527	76	152	34	4	15	239	68	3	1	13	2	56	0	16	75	11	0.454	0.373
2019	P	9	西川　遥輝	(日)	0.288	142	651	548	88	158	26	6	5	211	41	19	5	8	0	93	2	2	111	5	0.385	0.393
2019	P	10	島内　宏明	(楽)	0.287	133	585	506	68	145	21	5	10	206	57	3	4	9	1	58	0	11	65	11	0.407	0.372
2019	P	11	中村　剛也	(西)	0.286	135	557	496	69	142	30	0	30	262	123	2	1	0	3	54	5	4	123	12	0.528	0.359
2019	P	12	茂木　栄五郎	(楽)	0.282	141	648	568	86	160	28	6	13	239	55	7	5	9	2	66	1	3	121	7	0.421	0.358
2019	P	13	源田　壮亮	(西)	0.274	135	609	540	90	148	23	6	2	189	41	30	9	25	3	40	0	1	67	9	0.35	0.324
2019	P	14	外崎　修汰	(西)	0.274	143	621	533	96	146	27	6	26	263	90	22	6	14	6	63	0	5	132	9	0.493	0.353
2019	P	15	浅村　栄斗	(楽)	0.263	143	635	529	93	139	26	2	33	268	92	1	1	0	9	93	9	4	162	12	0.507	0.372
2019	P	16	渡邉　諒	(日)	0.262	132	543	481	60	126	16	5	11	185	58	0	2	3	5	48	0	6	120	8	0.385	0.333
2019	P	17	ブラッシュ	(楽)	0.261	128	527	426	66	111	20	0	33	230	95	2	3	0	3	81	2	17	157	7	0.54	0.397
2019	P	18	松田　宣浩	(ソ)	0.26	143	576	534	64	139	25	2	30	258	76	5	3	2	4	33	4	3	115	14	0.483	0.305
2019	P	19	甲斐　拓也	(ソ)	0.26	137	454	377	42	98	15	0	11	146	43	9	4	23	3	50	0	1	114	9	0.387	0.346
2019	P	20	デスパイネ	(ソ)	0.259	130	519	448	61	116	9	0	36	233	88	0	1	0	3	63	1	5	119	6	0.52	0.355
2019	P	21	内川　聖一	(ソ)	0.256	137	535	500	49	128	21	0	12	185	41	3	0	1	4	28	4	2	49	16	0.37	0.296
2019	P	22	山川　穂高	(西)	0.256	143	626	524	93	134	20	0	43	283	120	1	0	0	3	86	8	13	142	13	0.54	0.372
2019	P	23	栗山　巧	(西)	0.252	123	466	409	35	103	21	0	7	145	54	0	0	3	3	48	2	3	100	13	0.355	0.333
2019	P	24	井上　晴哉	(ロ)	0.252	129	509	429	60	108	16	1	24	198	65	0	0	0	3	67	1	9	98	10	0.462	0.362
2019	P	25	金子　侑司	(西)	0.251	133	524	463	60	116	8	1	3	135	33	41	10	6	3	49	1	3	81	3	0.292	0.324
2019	P	26	福田　周平	(オ)	0.25	135	583	492	65	123	13	5	2	152	38	30	14	19	2	62	0	8	57	7	0.309	0.342
2019	P	27	レアード	(ロ)	0.248	139	553	487	59	121	18	0	32	235	89	0	0	0	3	55	2	8	128	18	0.483	0.333
2019	P	28	ウィーラー	(楽)	0.243	117	472	411	53	100	15	0	19	172	67	3	5	0	10	43	0	8	96	22	0.418	0.32
2019	P	29	中田　翔	(日)	0.242	124	514	450	55	109	21	0	24	202	80	0	0	0	4	55	4	5	83	16	0.449	0.329
2019	P	30	中村　奨吾	(ロ)	0.232	143	586	512	68	119	22	0	17	192	59	12	6	6	3	53	2	12	96	10	0.375	0.317
2018	P	1	柳田　悠岐	(ソ)	0.352	130	550	475	95	167	29	5	36	314	102	21	7	0	5	62	4	8	105	8	0.661	0.431
2018	P	2	秋山　翔吾	(西)	0.323	143	685	603	107	195	39	8	24	322	82	15	10	0	1	77	4	4	96	3	0.534	0.403
2018	P	3	近藤　健介	(日)	0.323	129	555	462	59	149	29	3	9	211	69	5	0	0	5	87	8	1	90	16	0.457	0.427
2018	P	4	吉田　正尚	(オ)	0.321	143	598	514	77	165	37	2	26	284	86	3	1	0	8	69	10	7	74	9	0.553	0.403
2018	P	5	浅村　栄斗	(西)	0.31	143	640	565	104	175	27	0	32	298	127	4	2	0	5	68	4	2	105	18	0.527	0.383
2018	P	6	中村　晃	(ソ)	0.292	136	580	506	57	148	28	1	14	220	57	1	1	3	6	60	4	5	68	5	0.435	0.369
2018	P	7	井上　晴哉	(ロ)	0.292	133	548	476	59	139	26	2	24	241	99	1	0	0	6	63	0	3	106	7	0.506	0.374
2018	P	8	島内　宏明	(楽)	0.292	103	453	394	53	115	16	3	11	170	53	11	5	3	3	47	0	6	45	10	0.431	0.373
2018	P	9	外崎　修汰	(西)	0.287	119	510	453	70	130	24	3	18	214	67	25	9	6	1	47	0	3	102	9	0.472	0.357
2018	P	10	中村　奨吾	(ロ)	0.284	143	639	552	82	157	30	3	8	217	57	39	15	0	5	60	2	22	94	11	0.393	0.374
2018	P	11	山川　穂高	(西)	0.281	143	647	541	115	152	24	1	47	319	124	0	0	0	2	88	2	16	138	5	0.59	0.396
2018	P	12	西川　遥輝	(日)	0.278	140	636	528	90	147	25	6	10	214	48	44	3	7	2	96	1	3	103	1	0.405	0.391
2018	P	13	源田　壮亮	(西)	0.278	143	666	594	92	165	27	9	4	222	57	34	8	14	6	48	0	4	101	7	0.374	0.333
2018	P	14	銀次	(楽)	0.276	139	552	492	45	136	16	5	5	177	48	1	1	6	2	48	3	4	47	7	0.36	0.344
2018	P	15	今江　年晶	(楽)	0.276	127	465	421	44	116	17	2	10	167	49	0	3	0	4	32	5	7	76	19	0.397	0.334
2018	P	16	森　友哉	(西)	0.275	136	552	473	67	130	34	2	16	216	80	7	2	0	7	70	2	2	105	3	0.457	0.366
2018	P	17	上林　誠知	(ソ)	0.27	143	608	551	88	149	26	14	22	269	62	13	4	17	3	30	4	7	117	2	0.488	0.315
2018	P	18	鈴木　大地	(ロ)	0.266	143	558	477	44	127	27	6	8	190	49	8	4	14	6	44	2	17	55	11	0.398	0.346
2018	P	19	角中　勝也	(ロ)	0.265	112	470	411	44	109	23	2	7	157	57	3	3	0	6	48	2	5	63	9	0.382	0.345
2018	P	20	中田　翔	(日)	0.265	140	599	540	61	143	32	0	25	250	106	0	1	0	13	43	1	3	81	24	0.463	0.316
2018	P	21	田中　和基	(楽)	0.265	105	465	423	67	112	11	1	18	179	45	21	6	4	1	37	0	0	101	4	0.423	0.323
2018	P	22	中島　卓也	(日)	0.261	132	449	391	57	102	11	3	1	122	23	29	5	22	1	35	0	0	88	4	0.312	0.321
2018	P	23	松田　宣浩	(ソ)	0.248	143	580	517	72	128	21	3	32	251	82	3	3	0	3	56	4	4	113	12	0.485	0.324
2018	P	24	田村　龍弘	(ロ)	0.239	143	476	415	32	99	14	7	3	136	35	3	3	16	2	40	1	3	68	13	0.328	0.309
2018	P	25	デスパイネ	(ソ)	0.238	116	469	407	62	97	15	1	29	201	74	0	0	0	3	55	4	4	93	13	0.494	0.333
2018	P	26	ロメロ	(オ)	0.237	119	501	443	63	105	18	1	25	200	63	7	2	0	6	42	2	10	114	10	0.451	0.313
2018	P	27	レアード	(日)	0.233	120	505	450	47	105	14	2	26	201	65	0	1	0	4	44	5	7	124	10	0.447	0.309
2018	P	28	藤岡　裕大	(ロ)	0.23	143	611	535	58	123	15	5	5	163	42	14	13	26	1	44	1	5	97	9	0.305	0.294
2018	P	29	安達　了一	(オ)	0.219	140	514	465	44	102	12	3	3	129	41	20	5	16	5	25	1	3	64	8	0.277	0.261
2017	P	1	秋山　翔吾	(西)	0.322	143	659	575	106	185	38	5	25	308	89	16	5	0	7	72	1	5	97	4	0.536	0.398
2017	P	2	柳田　悠岐	(ソ)	0.31	130	551	448	95	139	30	1	31	264	99	14	7	0	7	89	8	7	123	6	0.589	0.426
2017	P	3	茂木　栄五郎	(楽)	0.296	103	450	398	64	118	25	2	17	198	47	3	2	4	1	45	1	2	84	4	0.497	0.37
2017	P	4	西川　遥輝	(日)	0.296	138	623	541	82	160	26	6	9	225	44	39	5	6	3	69	0	4	103	6	0.416	0.378
2017	P	5	銀次	(楽)	0.293	143	590	529	55	155	30	0	3	194	60	2	1	1	2	56	1	2	74	11	0.367	0.362
2017	P	6	浅村　栄斗	(西)	0.291	143	633	574	78	167	34	1	19	260	99	5	1	1	6	44	0	8	96	17	0.453	0.347
2017	P	7	中島　宏之	(オ)	0.285	124	489	431	36	123	19	0	9	169	49	0	0	0	5	46	0	7	93	11	0.392	0.36
2017	P	8	ペゲーロ	(楽)	0.281	120	517	463	67	130	17	1	26	227	75	3	2	0	0	50	3	4	139	16	0.49	0.356
2017	P	9	小谷野　栄一	(オ)	0.277	130	506	470	41	130	14	1	6	164	47	0	0	3	2	28	0	3	60	13	0.349	0.32
2017	P	10	松本　剛	(日)	0.274	115	448	402	46	110	17	0	5	142	33	6	3	21	1	21	1	3	61	7	0.353	0.314
2017	P	11	ウィーラー	(楽)	0.271	142	605	542	75	147	27	0	31	267	82	7	3	0	3	50	4	10	98	14	0.493	0.342
2017	P	12	中村　晃	(ソ)	0.27	143	600	511	66	138	19	2	6	179	42	3	5	14	5	67	0	3	57	5	0.35	0.355
2017	P	13	源田　壮亮	(西)	0.27	143	647	575	85	155	18	10	3	202	57	37	10	26	4	36	0	6	100	5	0.351	0.317
2017	P	14	角中　勝也	(ロ)	0.269	110	452	383	44	103	17	4	8	152	44	6	1	1	2	62	4	4	44	6	0.397	0.375
2017	P	15	Ｔ－岡田	(オ)	0.266	143	593	504	77	134	19	0	31	246	68	2	1	0	1	83	1	5	141	10	0.488	0.374
2017	P	16	島内　宏明	(楽)	0.265	143	577	494	62	131	14	3	14	193	47	3	6	12	3	64	0	4	67	8	0.391	0.352
2017	P	17	今宮　健太	(ソ)	0.264	141	623	526	78	139	27	7	14	222	64	15	4	52	3	38	0	4	93	12	0.422	0.317
2017	P	18	松田　宣浩	(ソ)	0.264	143	577	531	64	140	19	6	24	243	71	5	2	0	2	43	2	1	128	16	0.458	0.319
2017	P	19	デスパイネ	(ソ)	0.262	136	545	478	66	125	15	0	35	245	103	3	1	0	3	59	2	5	119	14	0.513	0.347
2017	P	20	上林　誠知	(ソ)	0.26	134	453	415	54	108	23	5	13	180	51	12	12	10	2	24	2	2	96	3	0.434	0.302
2017	P	21	鈴木　大地	(ロ)	0.26	143	588	508	56	132	27	5	11	202	52	6	5	3	4	55	1	18	85	7	0.398	0.35
2017	P	22	外崎　修汰	(西)	0.258	135	489	438	65	113	22	3	10	171	48	23	3	10	3	33	0	5	109	4	0.39	0.315
2017	P	23	大田　泰示	(日)	0.258	118	457	427	41	110	21	1	15	178	46	5	2	0	2	28	0	0	88	14	0.417	0.302
2017	P	24	アマダー	(楽)	0.237	121	460	417	35	99	9	0	23	177	65	0	1	0	2	39	0	2	102	18	0.424	0.304
2017	P	25	レアード	(日)	0.229	137	571	503	56	115	18	1	32	231	90	0	0	0	7	54	0	7	125	18	0.459	0.308
2017	P	26	中村　剛也	(西)	0.217	115	486	415	69	90	14	0	27	185	79	1	0	0	6	61	1	4	118	12	0.446	0.319
2017	P	27	中田　翔	(日)	0.216	129	542	472	56	102	23	0	16	173	67	0	1	0	4	61	0	5	103	14	0.367	0.31
2016	P	1	角中　勝也	(ロ)	0.339	143	607	525	74	178	30	5	8	242	69	12	4	2	6	68	6	6	64	8	0.461	0.417
2016	P	2	西川　遥輝	(日)	0.314	138	593	493	76	155	18	4	5	196	43	41	5	22	2	73	0	3	113	0	0.398	0.405
2016	P	3	浅村　栄斗	(西)	0.309	143	611	557	73	172	40	0	24	284	82	8	6	3	6	38	0	7	108	18	0.51	0.357
2016	P	4	糸井　嘉男	(オ)	0.306	143	616	532	79	163	24	1	17	240	70	53	17	0	2	75	5	7	84	13	0.451	0.398
2016	P	5	柳田　悠岐	(ソ)	0.306	120	536	428	82	131	31	4	18	224	73	23	2	0	0	100	2	8	97	8	0.523	0.446
2016	P	6	内川　聖一	(ソ)	0.304	141	605	556	62	169	19	0	18	242	106	3	2	0	9	38	2	2	53	27	0.435	0.345
2016	P	7	秋山　翔吾	(西)	0.296	143	671	578	98	171	32	4	11	244	62	18	6	0	6	77	2	10	103	2	0.422	0.385
2016	P	8	陽　岱鋼	(日)	0.293	130	555	495	66	145	24	1	14	213	61	5	6	7	1	42	1	10	121	10	0.43	0.359
2016	P	9	中村　晃	(ソ)	0.287	143	612	488	69	140	21	1	7	184	50	6	5	9	4	99	4	12	53	8	0.377	0.416
2016	P	10	鈴木　大地	(ロ)	0.285	143	583	501	62	143	30	2	6	195	61	3	1	16	7	50	2	9	56	9	0.389	0.356
2016	P	11	Ｔ－岡田	(オ)	0.284	123	513	454	56	129	25	0	20	214	76	5	1	0	5	47	5	7	105	12	0.471	0.357
2016	P	12	デスパイネ	(ロ)	0.28	134	570	496	81	139	27	0	24	238	92	0	3	0	7	64	3	3	89	25	0.48	0.361
2016	P	13	栗山　巧	(西)	0.279	135	569	477	52	133	30	2	3	176	41	0	0	0	3	83	0	6	87	9	0.369	0.39
2016	P	14	茂木　栄五郎	(楽)	0.278	117	481	424	56	118	20	7	7	173	40	11	4	21	2	30	0	4	95	8	0.408	0.33
2016	P	15	銀次	(楽)	0.274	125	497	424	39	116	17	1	2	141	43	1	1	4	3	61	5	5	49	20	0.333	0.369
2016	P	16	安達　了一	(オ)	0.273	118	488	403	51	110	15	1	1	130	34	6	6	35	4	42	0	4	53	4	0.323	0.344
2016	P	17	田中　賢介	(日)	0.272	143	626	541	61	147	14	1	2	169	53	22	8	3	4	69	3	9	56	4	0.312	0.361
2016	P	18	金子　侑司	(西)	0.265	129	520	460	64	122	12	3	1	143	33	53	17	13	1	40	0	6	69	5	0.311	0.331
2016	P	19	ウィーラー	(楽)	0.265	140	589	517	74	137	25	2	27	247	88	2	1	0	2	58	0	12	123	10	0.478	0.351
2016	P	20	藤田　一也	(楽)	0.265	120	449	408	27	108	13	5	0	131	46	1	1	18	3	19	0	1	44	7	0.321	0.297
2016	P	21	西野　真弘	(オ)	0.264	143	610	538	63	142	16	7	2	178	33	16	5	13	1	56	0	2	55	7	0.331	0.335
2016	P	22	レアード	(日)	0.263	143	598	547	71	144	21	0	39	282	97	0	0	0	4	44	1	3	138	16	0.516	0.319
2016	P	23	松田　宣浩	(ソ)	0.259	143	609	548	79	142	23	5	27	256	85	6	6	0	5	48	2	8	141	14	0.467	0.325
2016	P	24	メヒア	(西)	0.252	137	583	511	73	129	26	0	35	260	103	1	1	0	7	59	4	6	148	15	0.509	0.333
2016	P	25	岡島　豪郎	(楽)	0.252	127	485	420	44	106	13	4	6	145	35	7	9	6	3	46	2	10	49	4	0.345	0.338
2016	P	26	中田　翔	(日)	0.25	141	624	569	61	142	26	1	25	245	110	2	1	0	5	47	1	3	126	14	0.431	0.308
2016	P	27	今宮　健太	(ソ)	0.245	137	590	497	74	122	22	5	10	184	56	8	4	38	5	47	0	3	86	7	0.37	0.312
2016	P	28	中島　卓也	(日)	0.243	143	600	473	66	115	10	1	0	127	28	23	9	62	1	63	0	1	117	5	0.268	0.333
2015	P	1	柳田　悠岐	(ソ)	0.363	138	605	502	110	182	31	1	34	317	99	32	8	0	1	88	4	14	101	9	0.631	0.469
2015	P	2	秋山　翔吾	(西)	0.359	143	675	602	108	216	36	10	14	314	55	17	17	7	2	60	2	4	78	6	0.522	0.419
2015	P	3	近藤　健介	(日)	0.326	129	504	435	68	142	33	2	8	203	60	6	2	3	5	59	2	2	59	9	0.467	0.405
2015	P	4	清田　育宏	(ロ)	0.317	130	548	489	67	155	38	4	15	246	67	10	4	0	2	54	0	3	93	11	0.503	0.387
2015	P	5	中村　晃	(ソ)	0.3	135	590	506	58	152	22	0	1	177	39	7	4	9	3	66	0	6	47	7	0.35	0.386
2015	P	6	角中　勝也	(ロ)	0.293	111	484	427	57	125	20	5	6	173	52	8	4	7	2	47	0	1	52	12	0.405	0.363
2015	P	7	松田　宣浩	(ソ)	0.287	143	603	533	91	153	22	2	35	284	94	8	10	0	8	60	3	2	135	17	0.533	0.357
2015	P	8	森　友哉	(西)	0.287	138	531	474	51	136	33	1	17	222	68	0	4	0	3	44	3	9	143	5	0.468	0.357
2015	P	9	田中　賢介	(日)	0.284	134	596	532	62	151	20	2	4	187	66	9	3	5	1	57	0	1	58	9	0.352	0.354
2015	P	10	内川　聖一	(ソ)	0.284	136	585	529	60	150	24	1	11	209	82	1	0	0	7	45	2	4	55	24	0.395	0.34
2015	P	11	李　大浩	(ソ)	0.282	141	584	510	68	144	30	0	31	267	98	0	1	0	3	62	0	9	109	17	0.524	0.368
2015	P	12	中村　剛也	(西)	0.278	139	599	521	82	145	35	0	37	291	124	1	0	0	3	68	4	7	172	12	0.559	0.367
2015	P	13	西川　遥輝	(日)	0.276	125	521	442	68	122	18	9	5	173	35	30	7	15	0	60	2	4	98	1	0.391	0.368
2015	P	14	藤田　一也	(楽)	0.27	111	451	392	38	106	14	1	5	137	43	8	3	16	7	28	2	8	30	3	0.349	0.326
2015	P	15	浅村　栄斗	(西)	0.27	141	627	537	88	145	19	2	13	207	81	12	9	2	7	69	0	12	136	13	0.385	0.362
2015	P	16	ペーニャ	(楽)	0.268	125	492	406	51	109	20	1	17	182	40	1	3	0	0	70	0	16	111	5	0.448	0.396
2015	P	17	栗山　巧	(西)	0.268	142	622	533	66	143	25	0	10	198	42	3	1	8	4	72	0	5	88	15	0.371	0.358
2015	P	18	中島　卓也	(日)	0.264	143	617	515	69	136	8	2	0	148	39	34	7	34	0	66	0	2	93	10	0.287	0.35
2015	P	19	中田　翔	(日)	0.263	143	611	539	72	142	26	0	30	258	102	1	0	0	7	64	4	1	120	11	0.479	0.339
2015	P	20	鈴木　大地	(ロ)	0.263	142	564	487	60	128	24	4	6	178	50	1	5	24	3	47	1	3	58	10	0.366	0.33
2015	P	21	糸井　嘉男	(オ)	0.262	132	565	484	61	127	22	0	17	200	68	11	4	0	1	72	2	8	78	10	0.413	0.366
2015	P	22	松井　稼頭央	(楽)	0.256	126	501	445	52	114	17	1	10	163	48	14	2	7	3	43	3	3	82	7	0.366	0.324
2015	P	23	クルーズ	(ロ)	0.255	133	532	501	48	128	23	1	16	201	73	0	0	0	5	24	1	2	66	7	0.401	0.289
2015	P	24	中島　裕之	(オ)	0.24	117	483	417	43	100	19	0	10	149	46	1	2	0	1	53	1	12	93	10	0.357	0.342
2015	P	25	安達　了一	(オ)	0.239	139	593	506	57	121	16	3	11	176	55	16	15	29	4	48	0	6	68	11	0.348	0.31
2015	P	26	後藤　光尊	(楽)	0.237	117	444	413	31	98	18	0	9	143	42	13	8	10	4	12	0	5	48	8	0.346	0.265
2015	P	27	メヒア	(西)	0.235	135	525	473	52	111	31	0	27	223	89	0	0	0	2	45	1	5	153	14	0.471	0.307
2015	P	28	レアード	(日)	0.231	143	554	498	62	115	22	2	34	243	97	1	0	0	4	43	0	9	129	18	0.488	0.301
2015	P	29	今宮　健太	(ソ)	0.228	142	530	457	52	104	18	3	7	149	45	3	3	35	4	34	0	0	83	13	0.326	0.279
2015	P	30	炭谷　銀仁朗	(西)	0.211	133	443	399	31	84	16	0	4	112	35	0	0	22	2	16	0	4	87	7	0.281	0.247
2014	P	1	糸井　嘉男	(オ)	0.331	140	590	502	73	166	36	2	19	263	81	31	9	0	4	70	7	14	73	7	0.524	0.424
2014	P	2	銀次	(楽)	0.327	117	509	459	59	150	26	0	4	188	70	1	4	1	4	43	0	2	45	10	0.41	0.384
2014	P	3	柳田　悠岐	(ソ)	0.317	144	615	524	91	166	18	4	15	237	70	33	6	0	3	72	5	16	131	8	0.452	0.413
2014	P	4	中村　晃	(ソ)	0.308	143	638	571	75	176	22	4	4	218	61	10	2	3	2	59	2	3	61	4	0.382	0.375
2014	P	5	内川　聖一	(ソ)	0.307	122	534	488	50	150	26	1	18	232	74	0	0	0	7	34	6	5	48	5	0.475	0.354
2014	P	6	李　大浩	(ソ)	0.3	144	625	566	60	170	30	0	19	257	68	0	3	0	3	46	0	10	97	18	0.454	0.362
2014	P	7	長谷川　勇也	(ソ)	0.3	135	541	473	58	142	30	3	6	196	55	7	7	0	7	54	2	7	95	8	0.414	0.375
2014	P	8	陽　岱鋼	(日)	0.293	125	540	471	77	138	18	1	25	233	85	20	6	9	3	45	0	12	108	10	0.495	0.367
2014	P	9	松井　稼頭央	(楽)	0.291	128	488	444	57	129	32	3	8	191	46	9	0	2	5	36	0	1	78	9	0.43	0.342
2014	P	10	メヒア	(西)	0.29	106	450	396	56	115	11	1	34	230	73	2	1	0	3	45	1	6	156	4	0.581	0.369
2014	P	11	栗山　巧	(西)	0.288	144	642	532	64	153	34	4	3	204	61	3	2	2	9	96	2	3	100	9	0.383	0.394
2014	P	12	鈴木　大地	(ロ)	0.287	144	610	533	60	153	29	7	3	205	43	7	1	22	4	45	0	6	57	1	0.385	0.347
2014	P	13	岡島　豪郎	(楽)	0.283	142	618	545	77	154	27	3	7	208	53	9	10	9	3	57	2	4	71	7	0.382	0.353
2014	P	14	角中　勝也	(ロ)	0.277	133	544	451	62	125	22	5	8	181	57	9	1	7	4	76	0	6	66	4	0.401	0.385
2014	P	15	浅村　栄斗	(西)	0.273	118	501	440	52	120	19	1	14	183	55	3	5	0	8	47	2	6	100	8	0.416	0.345
2014	P	16	今江　敏晃	(ロ)	0.27	120	478	445	48	120	23	3	10	179	54	1	1	4	1	23	0	5	43	13	0.402	0.312
2014	P	17	中田　翔	(日)	0.269	144	602	531	64	143	18	0	27	242	100	0	0	0	7	58	3	6	89	12	0.456	0.344
2014	P	18	Ｔ－岡田	(オ)	0.269	130	533	472	67	127	28	0	24	227	75	4	4	5	2	37	4	17	107	10	0.481	0.343
2014	P	19	藤田　一也	(楽)	0.269	144	579	517	46	139	15	2	2	164	36	3	5	41	2	16	0	3	55	12	0.317	0.294
2014	P	20	平野　恵一	(オ)	0.268	120	517	452	59	121	14	3	1	144	28	5	2	19	2	37	0	7	55	8	0.319	0.331
2014	P	21	西川　遥輝	(日)	0.265	143	637	555	90	147	19	13	8	216	57	43	11	16	0	63	1	3	139	1	0.389	0.343
2014	P	22	安達　了一	(オ)	0.259	143	601	486	73	126	13	5	8	173	50	29	10	45	4	58	0	8	79	8	0.356	0.345
2014	P	23	中島　卓也	(日)	0.259	126	461	382	55	99	9	3	0	114	32	28	9	35	1	43	0	0	92	4	0.298	0.333
2014	P	24	秋山　翔吾	(西)	0.259	131	561	475	64	123	24	6	4	171	47	3	3	11	2	70	2	3	98	4	0.36	0.356
2014	P	25	中村　剛也	(西)	0.257	111	466	382	68	98	19	1	34	221	90	0	0	0	3	79	0	2	124	13	0.579	0.384
2014	P	26	ペーニャ	(オ)	0.255	140	572	502	68	128	20	0	32	244	90	2	0	0	1	59	6	10	124	15	0.486	0.344
2014	P	27	ヘルマン	(オ)	0.25	141	595	532	62	133	28	1	7	184	52	30	16	2	3	54	1	4	95	17	0.346	0.322
2014	P	28	大引　啓次	(日)	0.245	132	512	432	44	106	16	3	5	143	47	21	6	26	2	51	0	1	98	11	0.331	0.325
2014	P	29	今宮　健太	(ソ)	0.24	144	662	551	61	132	26	1	3	169	42	10	5	62	4	41	0	4	104	10	0.307	0.295
2014	P	30	クルーズ	(ロ)	0.238	126	478	453	38	108	32	1	16	190	61	1	2	0	5	18	1	2	47	13	0.419	0.268
2014	P	31	ジョーンズ	(楽)	0.221	138	581	448	69	99	20	0	24	191	71	2	3	0	3	118	5	12	140	16	0.426	0.394
2013	P	1	長谷川　勇也	(ソ)	0.341	144	637	580	92	198	29	6	19	296	83	12	2	0	5	47	0	5	111	5	0.51	0.392
2013	P	2	今江　敏晃	(ロ)	0.325	132	551	508	44	165	26	0	10	221	74	5	2	2	11	26	2	4	45	12	0.435	0.355
2013	P	3	ヘルマン	(西)	0.319	144	623	518	74	165	22	3	4	205	55	40	20	8	5	85	0	7	87	20	0.396	0.418
2013	P	4	銀次	(楽)	0.317	131	525	482	63	153	24	3	4	195	54	3	3	1	4	36	2	2	44	14	0.405	0.365
2013	P	5	浅村　栄斗	(西)	0.317	144	620	543	85	172	38	5	27	301	110	14	8	7	4	61	3	5	88	9	0.554	0.388
2013	P	6	内川　聖一	(ソ)	0.316	144	633	570	76	180	33	1	19	272	92	1	0	0	5	46	0	12	47	23	0.477	0.376
2013	P	7	中村　晃	(ソ)	0.307	109	492	427	77	131	22	2	5	172	44	7	9	2	2	54	1	7	59	12	0.403	0.392
2013	P	8	中田　翔	(日)	0.305	108	459	407	67	124	14	1	28	224	73	1	2	0	1	45	4	6	77	11	0.55	0.381
2013	P	9	李　大浩	(オ)	0.303	141	593	521	60	158	27	0	24	257	91	0	0	0	2	64	4	6	80	20	0.493	0.384
2013	P	10	糸井　嘉男	(オ)	0.3	141	601	524	75	157	33	2	17	245	61	33	9	0	3	66	1	8	93	6	0.468	0.384
2013	P	11	井口　資仁	(ロ)	0.297	135	566	485	68	144	31	2	23	248	83	4	3	0	4	67	2	10	81	13	0.511	0.39
2013	P	12	マギー	(楽)	0.292	144	590	513	78	150	30	0	28	264	93	2	3	0	5	70	3	2	119	12	0.515	0.376
2013	P	13	バルディリス	(オ)	0.289	142	585	512	60	148	25	1	17	226	91	1	0	0	4	54	3	15	67	17	0.441	0.371
2013	P	14	角中　勝也	(ロ)	0.288	125	525	462	65	133	26	6	5	186	43	10	6	6	3	50	1	4	63	3	0.403	0.36
2013	P	15	伊藤　光	(オ)	0.285	137	475	410	36	117	20	2	3	150	40	4	0	35	3	24	0	3	84	10	0.366	0.327
2013	P	16	聖澤　諒	(楽)	0.284	120	491	433	51	123	17	4	2	154	40	21	8	9	0	44	0	5	100	3	0.356	0.357
2013	P	17	アブレイユ	(日)	0.284	138	571	504	59	143	19	0	31	255	95	0	1	0	6	57	0	4	132	14	0.506	0.357
2013	P	18	本多　雄一	(ソ)	0.283	120	471	406	56	115	12	4	2	141	37	22	6	19	2	42	1	2	62	1	0.347	0.352
2013	P	19	陽　岱鋼	(日)	0.282	144	658	574	93	162	27	2	18	247	67	47	10	4	2	69	2	9	142	9	0.43	0.367
2013	P	20	松田　宣浩	(ソ)	0.279	144	626	584	86	163	26	5	20	259	90	13	7	2	7	27	1	6	124	11	0.443	0.314
2013	P	21	栗山　巧	(西)	0.279	144	637	527	77	147	29	3	12	218	73	6	3	1	4	99	2	6	96	8	0.414	0.396
2013	P	22	小谷野　栄一	(日)	0.275	139	559	512	37	141	23	1	3	175	46	2	5	8	10	26	0	3	77	9	0.342	0.309
2013	P	23	藤田　一也	(楽)	0.275	128	536	466	48	128	17	2	1	152	48	3	3	33	4	21	0	12	43	7	0.326	0.32
2013	P	24	秋山　翔吾	(西)	0.27	144	634	564	89	152	25	7	13	230	58	13	6	12	2	49	1	7	89	8	0.408	0.334
2013	P	25	大引　啓次	(日)	0.266	120	492	402	52	107	16	1	3	134	32	13	3	32	0	50	0	8	86	9	0.333	0.359
2013	P	26	鈴木　大地	(ロ)	0.264	144	551	481	54	127	20	11	5	184	50	2	4	14	6	38	2	12	66	8	0.383	0.33
2013	P	27	根元　俊一	(ロ)	0.262	123	559	485	72	127	20	0	8	171	45	9	1	14	3	52	0	5	85	7	0.353	0.338
2013	P	28	嶋　基宏	(楽)	0.257	134	507	447	44	115	13	1	4	142	48	3	3	16	3	39	2	2	92	14	0.318	0.318
2013	P	29	今宮　健太	(ソ)	0.253	143	600	491	57	124	23	4	5	170	43	10	3	62	3	35	1	9	94	7	0.346	0.312
2013	P	30	松井　稼頭央	(楽)	0.248	125	497	448	55	111	26	2	11	174	58	1	1	2	4	40	2	3	85	4	0.388	0.311
2013	P	31	ジョーンズ	(楽)	0.243	143	604	478	81	116	21	1	26	217	94	4	3	0	6	105	1	15	164	15	0.454	0.391
2013	P	32	安達　了一	(オ)	0.235	131	470	395	52	93	13	2	5	125	30	16	5	38	1	27	1	9	80	4	0.316	0.299
2013	P	33	炭谷　銀仁朗	(西)	0.215	141	468	413	28	89	16	0	5	120	43	1	2	19	2	30	2	4	62	14	0.291	0.274
2023	C	1	宮﨑　敏郎	(デ)	0.326	124	461	408	47	133	27	0	20	220	71	1	0	0	4	41	6	8	43	14	0.539	0.395
2023	C	2	西川　龍馬	(広)	0.305	109	443	416	48	127	20	1	9	176	56	7	6	1	4	21	4	1	52	10	0.423	0.337
2023	C	3	サンタナ	(ヤ)	0.3	136	516	467	52	140	32	0	18	226	66	2	0	0	3	44	1	2	114	17	0.484	0.36
2023	C	4	牧　秀悟	(デ)	0.293	143	605	559	78	164	39	3	29	296	103	2	2	0	6	33	3	7	85	17	0.53	0.337
2023	C	5	大島　洋平	(中)	0.289	130	494	470	34	136	17	2	0	157	23	6	1	1	3	15	1	5	43	7	0.334	0.316
2023	C	6	大山　悠輔	(神)	0.288	143	625	513	80	148	29	0	19	234	78	3	3	0	8	99	5	5	120	13	0.456	0.403
2023	C	7	坂本　勇人	(巨)	0.288	116	455	403	46	116	29	0	22	211	60	2	0	3	2	45	3	2	84	5	0.524	0.361
2023	C	8	近本　光司	(神)	0.285	129	585	501	83	143	24	12	8	215	54	28	3	0	5	67	2	12	71	6	0.429	0.379
2023	C	9	中野　拓夢	(神)	0.285	143	660	575	80	164	17	5	2	197	40	20	12	21	5	57	2	2	107	5	0.343	0.349
2023	C	10	大城　卓三	(巨)	0.281	134	490	424	50	119	20	1	16	189	55	0	0	21	4	36	3	5	109	12	0.446	0.341
2023	C	11	岡林　勇希	(中)	0.279	143	633	584	61	163	21	10	3	213	31	12	8	9	1	39	1	0	89	11	0.365	0.324
2023	C	12	岡本　和真	(巨)	0.278	140	589	503	83	140	31	0	41	294	93	0	1	0	6	72	10	8	111	10	0.584	0.374
2023	C	13	秋山　翔吾	(広)	0.274	115	483	434	48	119	20	6	4	163	38	8	3	9	1	35	3	4	81	12	0.376	0.333
2023	C	14	木浪　聖也	(神)	0.267	127	470	408	41	109	22	1	1	136	41	0	0	20	7	31	12	4	103	13	0.333	0.32
2023	C	15	坂倉　将吾	(広)	0.266	120	448	395	48	105	19	1	12	162	44	3	0	1	2	47	6	3	67	9	0.41	0.347
2023	C	16	佐野　恵太	(デ)	0.264	141	613	560	67	148	26	2	13	217	65	0	2	0	3	46	4	4	77	9	0.388	0.323
2023	C	17	佐藤　輝明	(神)	0.263	132	548	486	70	128	30	6	24	242	92	7	5	0	4	54	5	4	139	4	0.498	0.339
2023	C	18	関根　大気	(デ)	0.261	140	532	482	69	126	17	3	4	161	31	11	3	16	1	29	1	4	53	5	0.334	0.308
2023	C	19	菊池　涼介	(広)	0.258	120	485	442	51	114	17	0	5	146	27	7	5	8	1	32	1	2	68	6	0.33	0.31
2023	C	20	村上　宗隆	(ヤ)	0.256	140	597	496	76	127	28	0	31	248	84	5	3	0	4	90	4	7	168	6	0.5	0.375
2023	C	21	吉川　尚輝	(巨)	0.256	132	478	430	47	110	19	4	7	158	36	4	4	11	3	26	2	8	66	12	0.367	0.308
2023	C	22	オスナ	(ヤ)	0.253	134	543	501	49	127	23	0	23	219	71	2	4	0	2	39	5	1	79	13	0.437	0.308
2023	C	23	細川　成也	(中)	0.253	140	576	518	62	131	30	1	24	235	78	0	0	0	1	49	3	8	161	17	0.454	0.326
2023	C	24	桑原　将志	(デ)	0.252	132	479	429	48	108	23	4	7	160	35	3	8	11	6	23	0	10	54	11	0.373	0.301
2023	C	25	石川　昂弥	(中)	0.242	121	464	434	32	105	27	0	13	171	45	0	0	0	4	22	2	4	69	10	0.394	0.282
2023	C	26	ノイジー	(神)	0.24	133	516	475	42	114	13	1	9	156	56	0	0	0	3	36	0	2	85	13	0.328	0.295
2023	C	27	長岡　秀樹	(ヤ)	0.227	135	488	445	43	101	19	1	3	131	35	4	2	7	2	29	5	5	57	11	0.294	0.281
2022	C	1	村上　宗隆	(ヤ)	0.318	141	612	487	114	155	21	1	56	346	134	12	7	0	0	118	25	7	128	7	0.71	0.458
2022	C	2	大島　洋平	(中)	0.314	109	482	436	48	137	18	1	1	160	20	11	4	3	0	34	5	9	52	1	0.367	0.376
2022	C	3	佐野　恵太	(デ)	0.306	133	574	526	63	161	29	1	22	258	72	2	1	0	1	43	3	4	57	14	0.49	0.362
2022	C	4	宮﨑　敏郎	(デ)	0.3	122	482	434	51	130	24	1	16	204	50	0	0	0	2	44	9	2	35	16	0.47	0.365
2022	C	5	ビシエド	(中)	0.294	129	532	483	52	142	27	0	14	211	63	1	1	0	2	40	2	7	59	20	0.437	0.355
2022	C	6	近本　光司	(神)	0.293	132	580	525	71	154	16	3	3	185	34	30	5	6	1	41	0	7	63	7	0.352	0.352
2022	C	7	岡林　勇希	(中)	0.291	142	608	553	58	161	25	10	0	206	32	24	6	22	1	29	1	3	67	4	0.373	0.329
2022	C	8	牧　秀悟	(デ)	0.291	135	568	509	63	148	36	1	24	258	87	3	3	0	6	43	4	10	82	14	0.507	0.354
2022	C	9	坂倉　将吾	(広)	0.288	143	599	539	73	155	18	3	16	227	68	2	1	0	4	46	3	10	81	14	0.421	0.352
2022	C	10	吉川　尚輝	(巨)	0.277	132	567	516	64	143	20	6	7	196	31	16	7	10	1	32	0	8	53	6	0.38	0.329
2022	C	11	中野　拓夢	(神)	0.276	135	610	569	69	157	16	3	6	197	25	23	7	19	1	18	0	3	89	9	0.346	0.301
2022	C	12	塩見　泰隆	(ヤ)	0.276	130	567	508	83	140	30	6	16	230	54	24	7	1	3	43	1	12	122	6	0.453	0.345
2022	C	13	丸　佳浩	(巨)	0.272	143	607	525	81	143	31	1	27	257	65	6	7	1	0	80	1	1	88	8	0.49	0.37
2022	C	14	マクブルーム	(広)	0.272	128	508	448	57	122	25	0	17	198	74	0	0	0	3	52	2	5	105	13	0.442	0.352
2022	C	15	オスナ	(ヤ)	0.272	138	529	496	49	135	19	2	20	218	74	2	3	0	3	29	4	1	93	11	0.44	0.312
2022	C	16	阿部　寿樹	(中)	0.27	133	548	486	44	131	31	2	9	193	57	3	1	3	6	49	0	4	105	14	0.397	0.338
2022	C	17	大山　悠輔	(神)	0.267	124	510	439	54	117	18	1	23	206	87	0	1	1	5	59	5	6	103	17	0.469	0.358
2022	C	18	小園　海斗	(広)	0.266	127	511	473	57	126	12	6	7	171	38	2	2	8	5	24	2	1	76	11	0.362	0.3
2022	C	19	佐藤　輝明	(神)	0.264	143	603	541	70	143	35	8	20	254	84	11	3	0	7	51	5	4	137	5	0.47	0.328
2022	C	20	菊池　涼介	(広)	0.262	123	522	462	51	121	25	1	6	166	45	2	3	32	2	24	0	2	70	7	0.359	0.3
2022	C	21	桑原　将志	(デ)	0.257	130	529	475	61	122	32	1	4	168	39	13	8	7	1	42	0	4	89	3	0.354	0.322
2022	C	22	岡本　和真	(巨)	0.252	140	589	520	63	131	21	1	30	244	82	1	1	0	2	58	7	9	94	11	0.469	0.336
2022	C	23	糸原　健斗	(神)	0.247	132	495	445	31	110	12	1	3	133	36	2	3	6	4	35	1	5	48	7	0.299	0.307
2022	C	24	木下　拓哉	(中)	0.246	120	466	419	24	103	16	3	6	143	48	2	0	12	6	27	3	1	38	5	0.341	0.289
2022	C	25	山田　哲人	(ヤ)	0.243	130	540	469	69	114	31	0	23	214	65	10	2	0	5	60	1	6	140	7	0.456	0.333
2022	C	26	長岡　秀樹	(ヤ)	0.241	139	548	511	44	123	22	0	9	172	48	2	3	10	3	20	1	4	72	10	0.337	0.273
2022	C	27	ポランコ	(巨)	0.24	138	484	438	55	105	21	1	24	200	58	2	3	0	3	42	1	1	109	6	0.457	0.306
2021	C	1	鈴木　誠也	(広)	0.317	132	533	435	77	138	26	0	38	278	88	9	4	0	5	87	11	6	88	7	0.639	0.433
2021	C	2	坂倉　将吾	(広)	0.315	132	484	422	58	133	24	2	12	197	68	4	3	2	5	51	1	4	60	9	0.467	0.39
2021	C	3	牧　秀悟	(デ)	0.314	137	523	487	73	153	35	3	22	260	71	2	1	1	2	27	1	6	85	16	0.534	0.356
2021	C	4	近本　光司	(神)	0.313	140	612	569	91	178	33	5	10	251	50	24	7	4	2	33	0	4	58	6	0.441	0.354
2021	C	5	桑原　将志	(デ)	0.31	135	571	519	84	161	39	2	14	246	43	12	7	4	0	44	1	4	75	12	0.474	0.369
2021	C	6	佐野　恵太	(デ)	0.303	143	615	545	73	165	34	2	17	254	72	0	1	0	4	61	1	5	73	14	0.466	0.376
2021	C	7	宮﨑　敏郎	(デ)	0.301	141	569	519	61	156	32	0	16	236	73	0	0	0	5	41	3	4	53	15	0.455	0.353
2021	C	8	小園　海斗	(広)	0.298	113	481	449	65	134	18	6	5	179	35	4	4	12	4	13	1	3	57	7	0.399	0.32
2021	C	9	大島　洋平	(中)	0.292	141	596	548	54	160	19	5	1	192	34	16	8	1	2	42	5	3	60	4	0.35	0.345
2021	C	10	西川　龍馬	(広)	0.286	137	551	504	57	144	19	1	12	201	60	3	3	4	4	37	1	2	70	14	0.399	0.335
2021	C	10	糸原　健斗	(神)	0.286	125	488	441	34	126	17	3	2	155	30	6	5	1	3	41	0	2	61	9	0.351	0.347
2021	C	12	中村　悠平	(ヤ)	0.279	123	445	377	47	105	24	0	2	135	36	0	3	14	4	46	0	4	66	10	0.358	0.36
2021	C	13	塩見　泰隆	(ヤ)	0.278	140	534	474	80	132	21	7	14	209	59	21	5	2	0	48	1	10	156	1	0.441	0.357
2021	C	14	村上　宗隆	(ヤ)	0.278	143	615	500	82	139	27	0	39	283	112	12	7	0	3	106	6	6	133	12	0.566	0.408
2021	C	15	菊池　涼介	(広)	0.277	132	542	494	64	137	23	2	16	212	60	1	5	2	3	42	2	1	86	8	0.429	0.333
2021	C	16	ビシエド	(中)	0.275	130	526	480	44	132	23	1	17	208	70	1	2	0	3	35	9	8	56	15	0.433	0.333
2021	C	17	松原　聖弥	(巨)	0.274	135	477	431	69	118	20	4	12	182	37	15	7	3	3	38	0	2	100	4	0.422	0.333
2021	C	18	中野　拓夢	(神)	0.273	135	525	466	45	127	15	4	1	153	36	30	2	20	4	29	5	6	81	6	0.328	0.321
2021	C	19	山田　哲人	(ヤ)	0.272	137	581	493	84	134	18	0	34	254	101	4	3	0	7	76	0	5	100	10	0.515	0.37
2021	C	20	坂本　勇人	(巨)	0.271	117	487	424	53	115	26	0	19	198	46	2	3	2	2	58	4	1	90	4	0.467	0.359
2021	C	21	丸　佳浩	(巨)	0.265	118	457	392	58	104	21	0	23	194	55	5	3	0	2	63	0	0	120	5	0.495	0.365
2021	C	22	岡本　和真	(巨)	0.265	143	592	521	71	138	19	1	39	276	113	1	1	0	7	57	4	7	108	16	0.53	0.341
2021	C	23	大山　悠輔	(神)	0.26	129	512	466	55	121	23	2	21	211	71	2	1	0	7	37	1	2	89	15	0.453	0.313
2021	C	24	高橋　周平	(中)	0.259	137	520	475	40	123	27	0	5	165	39	1	0	0	4	40	4	1	79	21	0.347	0.315
2021	C	25	オスナ	(ヤ)	0.258	120	495	469	42	121	24	2	13	188	60	3	0	0	2	22	2	2	80	18	0.401	0.293
2021	C	26	マルテ	(神)	0.258	128	526	446	55	115	18	1	22	201	71	0	0	0	2	74	3	4	72	16	0.451	0.367
2021	C	26	青木　宣親	(ヤ)	0.258	122	501	446	57	115	29	0	9	171	56	0	0	0	2	43	1	10	44	10	0.383	0.335
2021	C	28	京田　陽太	(中)	0.257	113	448	409	41	105	7	4	3	129	24	6	5	8	3	21	0	7	75	5	0.315	0.302
2021	C	29	サンズ	(神)	0.248	120	461	408	47	101	21	1	20	184	65	1	1	0	3	49	5	1	89	11	0.451	0.328
2021	C	30	佐藤　輝明	(神)	0.238	126	455	425	56	101	25	0	24	198	64	6	2	0	2	25	4	3	173	2	0.466	0.284
2021	C	31	ソト	(デ)	0.234	123	451	410	42	96	18	1	21	179	62	0	1	0	1	35	4	5	116	12	0.437	0.302
2021	C	32	梅野　隆太郎	(神)	0.225	130	458	404	33	91	15	3	3	121	33	8	4	6	2	41	3	5	107	14	0.3	0.303
2020	C	1	佐野　恵太	(デ)	0.328	106	451	402	48	132	20	1	20	214	69	0	0	0	3	42	1	4	58	13	0.532	0.395
2020	C	2	梶谷　隆幸	(デ)	0.323	109	482	433	88	140	29	1	19	228	53	14	8	1	2	45	3	1	85	4	0.527	0.387
2020	C	3	青木　宣親	(ヤ)	0.317	107	425	357	64	113	30	1	18	199	51	2	1	0	1	62	2	5	51	6	0.557	0.424
2020	C	4	大島　洋平	(中)	0.316	118	525	462	58	146	21	3	1	176	30	16	8	9	3	47	3	4	51	5	0.381	0.382
2020	C	5	村上　宗隆	(ヤ)	0.307	120	515	424	70	130	30	2	28	248	86	11	5	0	1	87	12	3	115	8	0.585	0.427
2020	C	6	高橋　周平	(中)	0.305	108	438	394	46	120	25	1	7	168	46	1	1	0	3	39	6	2	70	13	0.426	0.368
2020	C	7	宮﨑　敏郎	(デ)	0.301	113	460	429	47	129	26	1	14	199	53	0	0	0	3	24	2	4	29	15	0.464	0.341
2020	C	8	鈴木　誠也	(広)	0.3	118	514	430	85	129	26	2	25	234	75	6	4	0	3	72	9	9	73	15	0.544	0.409
2020	C	9	近本　光司	(神)	0.293	120	519	474	81	139	21	5	9	197	45	31	8	7	1	30	2	7	61	4	0.416	0.344
2020	C	10	坂本　勇人	(巨)	0.289	115	479	412	64	119	28	1	19	206	65	4	1	1	4	62	7	0	85	9	0.5	0.379
2020	C	11	大山　悠輔	(神)	0.288	116	471	423	66	122	21	5	28	237	85	1	3	1	1	41	6	5	96	15	0.56	0.357
2020	C	12	丸　佳浩	(巨)	0.284	120	491	423	63	120	31	1	27	234	77	8	4	3	2	63	4	0	101	3	0.553	0.375
2020	C	13	堂林　翔太	(広)	0.279	111	451	401	55	112	21	0	14	175	58	17	4	3	2	41	2	4	91	12	0.436	0.35
2020	C	14	松山　竜平	(広)	0.277	108	425	404	38	112	27	1	9	168	67	0	1	0	3	17	4	1	72	11	0.416	0.306
2020	C	15	岡本　和真	(巨)	0.275	118	500	440	79	121	26	0	31	240	97	2	0	0	0	55	2	5	85	10	0.545	0.362
2020	C	16	吉川　尚輝	(巨)	0.274	112	389	354	47	97	16	2	8	141	32	11	3	2	0	30	4	3	60	6	0.398	0.336
2020	C	17	エスコバー	(ヤ)	0.273	104	402	377	27	103	14	2	1	124	30	6	7	1	2	13	6	9	52	9	0.329	0.312
2020	C	18	菊池　涼介	(広)	0.271	106	429	376	43	102	19	4	10	159	41	3	2	16	1	35	2	1	68	9	0.423	0.334
2020	C	19	ビシエド	(中)	0.267	109	462	409	48	109	23	0	17	183	82	3	2	0	10	34	3	9	48	17	0.447	0.329
2020	C	20	サンズ	(神)	0.257	110	443	377	47	97	16	0	19	170	64	2	1	0	2	61	2	3	106	11	0.451	0.363
2020	C	21	阿部　寿樹	(中)	0.257	115	459	421	44	108	25	0	13	172	61	2	4	5	2	30	0	1	92	21	0.409	0.306
2020	C	22	山田　哲人	(ヤ)	0.254	94	384	334	52	85	17	1	12	140	52	8	4	0	2	48	3	0	83	6	0.419	0.346
2020	C	23	ソト	(デ)	0.252	114	480	428	59	108	18	0	25	201	78	0	0	0	5	44	0	3	103	12	0.47	0.323
2020	C	24	田中　広輔	(広)	0.251	112	454	378	51	95	11	5	8	140	39	8	4	12	4	55	3	5	86	1	0.37	0.351
2020	C	25	京田　陽太	(中)	0.247	120	491	442	43	109	16	7	5	154	29	8	4	15	1	27	4	6	80	4	0.348	0.298
2020	C	26	坂口　智隆	(ヤ)	0.246	114	458	398	55	98	14	1	9	141	36	4	5	3	3	47	1	7	60	8	0.354	0.334
2020	C	27	ボーア	(神)	0.243	99	379	329	27	80	8	0	17	139	45	1	1	0	2	45	5	3	88	13	0.422	0.338
2019	C	1	鈴木　誠也	(広)	0.335	140	612	499	112	167	31	0	28	282	87	25	16	0	3	103	12	7	81	3	0.565	0.453
2019	C	2	ビシエド	(中)	0.315	143	594	534	56	168	43	0	18	265	93	2	1	0	6	41	9	13	88	22	0.496	0.374
2019	C	3	糸井　嘉男	(神)	0.314	103	444	382	45	120	22	1	5	159	42	9	5	0	3	52	7	7	63	10	0.416	0.403
2019	C	4	大島　洋平	(中)	0.312	143	623	558	89	174	23	3	3	212	45	30	7	3	3	50	3	9	78	5	0.38	0.376
2019	C	5	坂本　勇人	(巨)	0.312	143	639	555	103	173	26	0	40	319	94	5	3	3	2	77	6	2	123	9	0.575	0.396
2019	C	6	西川　龍馬	(広)	0.297	138	585	535	70	159	23	3	16	236	64	6	7	11	5	32	4	2	81	9	0.441	0.336
2019	C	7	青木　宣親	(ヤ)	0.297	134	565	489	84	145	19	2	16	216	58	1	2	1	3	61	2	11	72	13	0.442	0.385
2019	C	8	高橋　周平	(中)	0.293	117	471	430	50	126	28	5	7	185	59	3	4	5	1	32	7	3	70	10	0.43	0.345
2019	C	9	丸　佳浩	(巨)	0.292	143	631	535	82	156	26	1	27	265	89	12	5	0	7	86	3	3	125	15	0.495	0.388
2019	C	10	阿部　寿樹	(中)	0.291	129	484	447	51	130	24	3	7	181	59	1	0	3	2	31	3	1	82	9	0.405	0.337
2019	C	11	亀井　善行	(巨)	0.284	131	503	450	67	128	27	2	13	198	55	9	1	3	5	45	3	0	91	6	0.44	0.346
2019	C	12	宮﨑　敏郎	(デ)	0.284	114	473	433	54	123	22	1	15	192	49	0	0	0	5	32	2	3	35	13	0.443	0.334
2019	C	13	バレンティン	(ヤ)	0.28	120	468	410	65	115	13	0	33	227	93	0	1	0	3	54	3	1	117	11	0.554	0.363
2019	C	14	神里　和毅	(デ)	0.279	123	458	427	62	119	31	3	6	174	35	15	10	3	0	26	2	2	121	7	0.407	0.323
2019	C	15	會澤　翼	(広)	0.277	126	447	376	38	104	21	2	12	165	63	2	1	3	0	58	5	10	81	6	0.439	0.387
2019	C	16	雄平	(ヤ)	0.273	131	493	447	55	122	19	0	12	177	56	4	3	1	6	37	4	2	71	4	0.396	0.327
2019	C	17	筒香　嘉智	(デ)	0.272	131	557	464	74	126	24	0	29	237	79	0	0	0	3	88	5	2	141	5	0.511	0.388
2019	C	18	近本　光司	(神)	0.271	142	640	586	81	159	20	7	9	220	42	36	15	14	3	31	2	6	110	2	0.375	0.313
2019	C	19	山田　哲人	(ヤ)	0.271	142	641	520	102	141	35	5	35	291	98	33	3	0	5	110	7	6	121	14	0.56	0.401
2019	C	20	ソト	(デ)	0.269	141	584	516	82	139	18	0	43	286	108	0	0	0	4	59	4	5	98	14	0.554	0.348
2019	C	21	中村　悠平	(ヤ)	0.269	126	450	372	42	100	24	2	5	143	36	1	4	13	2	53	3	10	64	11	0.384	0.373
2019	C	22	糸原　健斗	(神)	0.267	143	572	491	66	131	20	4	2	165	45	6	5	11	3	60	2	7	70	7	0.336	0.353
2019	C	23	梅野　隆太郎	(神)	0.266	129	492	433	49	115	22	3	9	170	59	14	3	16	3	34	4	6	83	16	0.393	0.326
2019	C	24	岡本　和真	(巨)	0.265	143	628	555	84	147	29	0	31	269	94	3	0	2	3	62	3	6	132	15	0.485	0.343
2019	C	25	菊池　涼介	(広)	0.261	138	619	547	77	143	36	2	13	222	48	14	5	28	2	41	0	1	102	5	0.406	0.313
2019	C	26	大山　悠輔	(神)	0.258	143	587	538	52	139	33	1	14	216	76	3	0	1	4	39	3	5	98	12	0.401	0.312
2019	C	27	京田　陽太	(中)	0.249	140	574	507	46	126	14	5	3	159	40	17	7	24	3	37	3	3	91	10	0.314	0.302
2019	C	28	ロペス	(デ)	0.241	142	597	551	69	133	28	0	31	254	84	0	0	0	3	39	6	4	107	18	0.461	0.295
2019	C	29	大和	(デ)	0.237	137	490	438	42	104	17	2	0	125	37	3	1	10	2	34	1	6	75	7	0.285	0.3
2019	C	30	村上　宗隆	(ヤ)	0.231	143	593	511	76	118	20	0	36	246	96	5	4	0	3	74	5	5	184	9	0.481	0.332
2018	C	1	ビシエド	(中)	0.348	135	582	512	91	178	26	1	26	284	99	3	4	0	4	51	4	15	61	24	0.555	0.419
2018	C	2	坂本　勇人	(巨)	0.345	109	502	441	87	152	27	2	18	237	67	9	5	0	0	61	10	0	83	4	0.537	0.424
2018	C	3	平田　良介	(中)	0.329	138	568	493	83	162	26	5	9	225	55	8	7	2	3	67	4	3	69	7	0.456	0.41
2018	C	4	青木　宣親	(ヤ)	0.327	127	567	495	85	162	37	3	10	235	67	3	4	0	2	51	1	19	48	13	0.475	0.409
2018	C	5	アルモンテ	(中)	0.321	132	546	498	56	160	37	0	15	242	77	1	1	0	3	44	1	1	95	16	0.486	0.375
2018	C	6	鈴木　誠也	(広)	0.32	124	520	422	86	135	32	2	30	261	94	4	4	0	5	88	2	5	116	4	0.618	0.438
2018	C	7	雄平	(ヤ)	0.318	125	482	446	50	142	19	1	11	196	67	6	1	0	2	33	5	1	62	13	0.439	0.365
2018	C	8	宮﨑　敏郎	(デ)	0.318	142	590	551	71	175	34	0	28	293	71	0	0	0	0	38	3	1	45	16	0.532	0.363
2018	C	9	坂口　智隆	(ヤ)	0.317	139	595	508	64	161	22	4	3	200	37	9	7	7	2	75	5	3	60	15	0.394	0.406
2018	C	10	山田　哲人	(ヤ)	0.315	140	637	524	130	165	30	4	34	305	89	33	4	0	3	106	5	4	119	8	0.582	0.432
2018	C	11	ソト	(デ)	0.31	107	459	416	74	129	16	0	41	268	95	0	1	0	5	29	2	9	100	5	0.644	0.364
2018	C	12	岡本　和真	(巨)	0.309	143	616	540	82	167	26	0	33	292	100	2	1	0	0	72	1	4	120	11	0.541	0.394
2018	C	13	糸井　嘉男	(神)	0.308	119	509	419	60	129	24	0	16	201	68	22	3	0	5	77	4	8	63	9	0.48	0.42
2018	C	14	丸　佳浩	(広)	0.306	125	566	432	109	132	22	0	39	271	97	10	10	0	1	130	8	3	130	5	0.627	0.468
2018	C	15	松山　竜平	(広)	0.302	124	446	397	46	120	25	2	12	185	74	2	0	0	5	42	4	2	46	10	0.466	0.368
2018	C	16	筒香　嘉智	(デ)	0.295	139	580	495	77	146	33	1	38	295	89	0	0	0	3	80	7	2	107	10	0.596	0.393
2018	C	17	ロペス	(デ)	0.288	110	459	441	46	127	23	0	26	228	77	0	0	0	1	16	1	1	58	12	0.517	0.314
2018	C	18	野間　峻祥	(広)	0.286	126	447	405	64	116	14	7	5	159	46	17	10	4	2	30	0	6	69	2	0.393	0.343
2018	C	19	糸原　健斗	(神)	0.286	143	637	531	79	152	29	4	1	192	35	6	4	9	4	86	1	7	73	5	0.362	0.39
2018	C	20	マギー	(巨)	0.285	132	547	499	65	142	28	0	21	233	84	2	0	0	6	41	1	1	92	12	0.467	0.336
2018	C	21	福留　孝介	(神)	0.28	123	499	414	57	116	26	2	14	188	72	2	1	0	7	73	2	5	90	10	0.454	0.389
2018	C	22	大島　洋平	(中)	0.274	141	645	588	92	161	20	7	7	216	57	21	9	1	5	47	2	4	80	2	0.367	0.329
2018	C	23	バレンティン	(ヤ)	0.268	142	602	514	72	138	22	0	38	274	131	1	1	0	3	85	5	0	121	15	0.533	0.37
2018	C	24	田中　広輔	(広)	0.262	143	675	572	92	150	19	10	10	219	60	32	13	6	5	75	3	17	118	6	0.383	0.362
2018	C	25	福田　永将	(中)	0.261	133	487	440	50	115	22	1	13	178	63	0	0	0	5	37	1	5	119	13	0.405	0.322
2018	C	26	梅野　隆太郎	(神)	0.259	132	455	386	45	100	27	1	8	153	47	5	1	28	1	39	3	1	67	6	0.396	0.328
2018	C	27	高橋　周平	(中)	0.254	128	477	433	35	110	26	2	11	173	69	0	0	8	3	30	1	3	89	9	0.4	0.305
2018	C	28	亀井　善行	(巨)	0.254	123	461	422	47	107	20	0	13	166	49	4	0	0	1	36	2	2	70	6	0.393	0.315
2018	C	29	西浦　直亨	(ヤ)	0.242	138	550	479	57	116	28	0	10	174	55	1	2	20	3	40	1	8	88	10	0.363	0.309
2018	C	30	京田　陽太	(中)	0.235	143	632	578	73	136	15	7	4	177	44	20	10	26	3	19	0	6	111	12	0.306	0.266
2018	C	31	菊池　涼介	(広)	0.233	139	642	557	85	130	27	1	13	198	60	10	2	30	1	51	2	3	111	5	0.355	0.301
2017	C	1	宮﨑　敏郎	(デ)	0.323	128	523	480	53	155	28	1	15	230	62	0	0	0	1	38	1	4	47	23	0.479	0.377
2017	C	2	マギー	(巨)	0.315	139	586	523	67	165	48	1	18	269	77	4	1	0	4	58	4	1	107	20	0.514	0.382
2017	C	3	大島　洋平	(中)	0.313	119	521	476	50	149	20	3	3	184	29	23	6	1	3	37	0	4	66	5	0.387	0.365
2017	C	4	安部　友裕	(広)	0.31	123	455	413	63	128	17	4	4	165	49	17	5	12	1	27	1	2	94	3	0.4	0.354
2017	C	5	丸　佳浩	(広)	0.308	143	651	556	109	171	35	3	23	281	92	13	3	2	6	83	0	4	113	6	0.505	0.398
2017	C	6	ロペス	(デ)	0.301	142	606	569	72	171	42	0	30	303	105	0	0	0	8	27	0	2	80	14	0.533	0.33
2017	C	7	鈴木　誠也	(広)	0.3	115	512	437	85	131	28	1	26	239	90	16	6	0	7	62	0	6	80	12	0.547	0.389
2017	C	8	鳥谷　敬	(神)	0.293	143	570	488	57	143	23	3	4	184	41	8	7	1	2	77	3	2	62	13	0.377	0.39
2017	C	9	坂本　勇人	(巨)	0.291	142	614	539	82	157	30	0	15	232	61	14	6	1	3	68	2	3	85	16	0.43	0.372
2017	C	10	糸井　嘉男	(神)	0.29	114	493	427	60	124	16	0	17	191	62	21	6	0	2	59	0	5	62	12	0.447	0.381
2017	C	11	田中　広輔	(広)	0.29	143	679	565	105	164	32	5	8	230	60	35	13	6	4	89	2	15	120	5	0.407	0.398
2017	C	12	坂口　智隆	(ヤ)	0.29	136	607	535	51	155	16	2	4	187	38	4	3	5	3	59	2	5	76	6	0.35	0.364
2017	C	13	筒香　嘉智	(デ)	0.284	139	601	503	85	143	31	0	28	258	94	1	0	0	3	93	3	2	115	7	0.513	0.396
2017	C	14	上本　博紀	(神)	0.284	125	488	409	57	116	20	1	9	165	38	16	1	23	2	50	0	4	71	7	0.403	0.366
2017	C	15	ゲレーロ	(中)	0.279	130	510	469	67	131	22	3	35	264	86	1	0	0	2	24	0	15	98	13	0.563	0.333
2017	C	16	菊池　涼介	(広)	0.271	138	629	565	87	153	28	3	14	229	56	8	7	30	1	32	0	1	107	9	0.405	0.311
2017	C	17	桑原　将志	(デ)	0.269	143	664	598	87	161	38	5	13	248	52	10	11	10	0	45	0	11	116	8	0.415	0.332
2017	C	18	京田　陽太	(中)	0.264	141	602	564	67	149	23	8	4	200	36	23	13	10	1	18	0	9	105	5	0.355	0.297
2017	C	19	福留　孝介	(神)	0.263	127	526	441	68	116	20	3	18	196	79	1	2	1	4	77	1	3	92	17	0.444	0.373
2017	C	20	倉本　寿彦	(デ)	0.262	143	539	507	49	133	27	1	2	168	50	3	1	9	1	18	0	4	102	10	0.331	0.292
2017	C	21	阿部　慎之助	(巨)	0.262	129	512	455	41	119	13	0	15	177	76	0	1	1	7	41	1	8	67	13	0.389	0.329
2017	C	22	長野　久義	(巨)	0.261	134	516	463	52	121	20	3	16	195	46	6	0	1	1	46	2	5	98	17	0.421	0.334
2017	C	23	バレンティン	(ヤ)	0.254	125	519	445	60	113	14	1	32	225	80	0	1	0	1	70	0	3	112	18	0.506	0.358
2017	C	24	山田　哲人	(ヤ)	0.247	143	624	526	79	130	25	1	24	229	78	14	4	0	1	91	1	6	132	15	0.435	0.364
2017	C	25	中村　悠平	(ヤ)	0.243	127	486	419	42	102	14	4	4	136	34	2	1	11	4	42	0	10	65	14	0.325	0.324
2017	C	26	梶谷　隆幸	(デ)	0.243	137	578	511	83	124	27	2	21	218	60	21	3	0	2	62	2	3	157	10	0.427	0.327
2017	C	27	中谷　将大	(神)	0.241	133	455	411	64	99	21	1	20	182	61	2	1	0	3	36	2	5	96	5	0.443	0.308
2017	C	28	小林　誠司	(巨)	0.206	138	443	378	25	78	11	1	2	97	27	2	0	19	3	41	4	2	64	12	0.257	0.285
2016	C	1	坂本　勇人	(巨)	0.344	137	576	488	96	168	28	3	23	271	75	13	3	1	6	81	2	0	67	6	0.555	0.433
2016	C	2	鈴木　誠也	(広)	0.335	129	528	466	76	156	26	8	29	285	95	16	11	3	3	53	1	3	79	10	0.612	0.404
2016	C	3	筒香　嘉智	(デ)	0.322	133	561	469	89	151	28	4	44	319	110	0	1	0	2	87	1	3	105	6	0.68	0.43
2016	C	4	菊池　涼介	(広)	0.315	141	640	574	92	181	22	3	13	248	56	13	5	23	3	40	0	0	106	3	0.432	0.358
2016	C	5	福留　孝介	(神)	0.311	131	523	453	52	141	25	3	11	205	59	0	1	0	6	61	5	3	78	6	0.453	0.392
2016	C	6	山田　哲人	(ヤ)	0.304	133	590	481	102	146	26	3	38	292	102	30	2	0	4	97	0	8	101	16	0.607	0.425
2016	C	7	村田　修一	(巨)	0.302	143	576	529	58	160	32	0	25	267	81	1	3	2	2	38	0	5	83	21	0.505	0.354
2016	C	8	川端　慎吾	(ヤ)	0.302	103	458	420	48	127	22	1	1	154	32	3	0	1	2	34	0	1	31	13	0.367	0.354
2016	C	9	新井　貴浩	(広)	0.3	132	513	454	66	136	23	2	19	220	101	0	1	0	4	54	1	1	101	12	0.485	0.372
2016	C	10	坂口　智隆	(ヤ)	0.295	141	607	526	74	155	14	5	0	179	39	7	4	5	5	63	0	8	66	5	0.34	0.375
2016	C	11	倉本　寿彦	(デ)	0.294	141	566	534	38	157	19	2	1	183	38	2	3	5	3	22	0	2	98	13	0.343	0.323
2016	C	12	大島　洋平	(中)	0.292	143	656	599	80	175	27	9	3	229	27	26	12	4	1	46	1	6	69	3	0.382	0.348
2016	C	13	丸　佳浩	(広)	0.291	143	652	557	98	162	30	8	20	268	90	23	9	1	3	84	1	7	107	9	0.481	0.389
2016	C	14	桑原　将志	(デ)	0.284	133	522	462	80	131	23	2	11	191	49	19	11	8	0	38	0	14	93	5	0.413	0.356
2016	C	15	長野　久義	(巨)	0.283	143	618	576	58	163	28	4	11	232	42	8	2	1	3	33	0	5	78	7	0.403	0.326
2016	C	16	髙山　俊	(神)	0.275	134	530	494	48	136	23	5	8	193	65	5	4	2	3	27	1	4	109	8	0.391	0.316
2016	C	17	ビシエド	(中)	0.274	119	471	416	63	114	22	0	22	202	68	1	0	0	3	44	0	8	68	13	0.486	0.352
2016	C	18	梶谷　隆幸	(デ)	0.273	107	450	396	69	108	20	4	18	190	56	26	7	1	0	49	0	4	110	2	0.48	0.359
2016	C	19	バレンティン	(ヤ)	0.269	132	537	457	64	123	20	0	31	236	96	0	1	0	5	72	2	3	116	19	0.516	0.369
2016	C	20	田中　広輔	(広)	0.265	143	679	581	102	154	17	3	13	216	39	28	19	3	1	77	1	17	119	1	0.372	0.367
2016	C	21	ロペス	(デ)	0.263	123	518	483	66	127	27	1	34	258	95	0	0	0	7	24	0	4	75	12	0.534	0.299
2016	C	22	ギャレット	(巨)	0.258	123	465	422	48	109	22	1	24	205	68	0	1	0	0	39	0	4	106	10	0.486	0.327
2016	C	23	ゴメス	(神)	0.255	139	554	498	58	127	20	0	22	213	79	2	1	0	3	48	3	5	130	13	0.428	0.325
2016	C	24	堂上　直倫	(中)	0.254	131	507	456	38	116	25	3	6	165	46	1	1	20	2	27	0	2	69	14	0.362	0.298
2016	C	25	平田　良介	(中)	0.248	118	494	416	61	103	24	1	14	171	73	4	2	0	4	72	1	2	89	5	0.411	0.358
2016	C	26	鳥谷　敬	(神)	0.236	143	533	449	49	106	16	1	7	145	36	13	3	1	6	75	0	2	80	12	0.323	0.344
2016	C	27	小林　誠司	(巨)	0.204	129	458	398	27	81	12	1	4	107	35	2	1	19	1	36	5	4	76	10	0.269	0.276
2015	C	1	川端　慎吾	(ヤ)	0.336	143	632	581	87	195	34	1	8	255	57	4	3	2	2	43	0	3	72	15	0.439	0.383
2015	C	2	山田　哲人	(ヤ)	0.329	143	646	557	119	183	39	2	38	340	100	34	4	0	3	81	1	5	111	11	0.61	0.416
2015	C	3	筒香　嘉智	(デ)	0.317	138	568	496	79	157	28	1	24	259	93	0	0	0	2	68	0	2	98	5	0.522	0.4
2015	C	4	ルナ	(中)	0.292	134	564	496	61	145	26	1	8	197	60	11	0	0	6	57	2	5	77	13	0.397	0.367
2015	C	5	ロペス	(デ)	0.291	140	565	516	63	150	29	1	25	256	73	1	1	0	3	44	3	2	82	14	0.496	0.347
2015	C	6	平田　良介	(中)	0.283	130	559	491	76	139	27	3	13	211	53	11	7	1	0	64	1	3	86	5	0.43	0.369
2015	C	7	鳥谷　敬	(神)	0.281	143	646	551	69	155	21	4	6	202	42	9	6	2	3	89	2	1	77	8	0.367	0.38
2015	C	8	福留　孝介	(神)	0.281	140	569	495	53	139	24	3	20	229	76	1	2	1	7	65	1	1	75	15	0.463	0.361
2015	C	9	マートン	(神)	0.276	140	583	544	46	150	27	0	9	204	59	0	1	0	5	31	0	3	77	21	0.375	0.316
2015	C	10	梶谷　隆幸	(デ)	0.275	134	578	520	70	143	35	2	13	221	66	28	13	2	2	54	0	0	132	4	0.425	0.342
2015	C	11	新井　貴浩	(広)	0.275	125	480	426	52	117	22	2	7	164	57	3	0	0	4	48	1	2	73	15	0.385	0.348
2015	C	12	田中　広輔	(広)	0.274	141	590	543	61	149	33	9	8	224	45	6	7	5	1	34	2	7	105	8	0.413	0.325
2015	C	13	ゴメス	(神)	0.271	143	601	520	49	141	28	0	17	220	72	0	1	0	3	72	1	6	134	15	0.423	0.364
2015	C	14	エルナンデス	(中)	0.271	138	548	498	54	135	27	2	11	199	58	5	3	10	4	35	1	0	106	13	0.4	0.317
2015	C	15	雄平	(ヤ)	0.27	141	585	551	57	149	33	4	8	214	60	7	4	1	3	27	1	3	82	7	0.388	0.307
2015	C	16	坂本　勇人	(巨)	0.269	130	558	479	50	129	21	3	12	192	68	10	4	9	5	65	1	0	79	5	0.401	0.353
2015	C	17	畠山　和洋	(ヤ)	0.268	137	584	512	64	137	26	0	26	241	105	0	0	0	8	62	0	2	92	10	0.471	0.344
2015	C	18	大島　洋平	(中)	0.26	142	620	565	70	147	20	4	6	193	27	22	8	10	1	39	1	5	65	5	0.342	0.313
2015	C	19	バルディリス	(デ)	0.258	139	525	465	38	120	23	0	13	182	56	0	0	0	5	43	2	12	62	12	0.391	0.333
2015	C	20	菊池　涼介	(広)	0.254	143	644	562	62	143	20	3	8	193	32	19	9	49	2	29	2	2	92	7	0.343	0.292
2015	C	21	上本　博紀	(神)	0.253	108	452	375	44	95	18	1	4	127	31	19	11	29	0	44	1	4	69	1	0.339	0.338
2015	C	22	長野　久義	(巨)	0.251	130	479	434	49	109	20	3	15	180	52	3	2	5	2	34	0	4	81	12	0.415	0.31
2015	C	23	丸　佳浩	(広)	0.249	143	633	530	81	132	28	1	19	219	63	15	7	4	4	94	2	1	143	4	0.413	0.361
2015	C	24	中村　悠平	(ヤ)	0.231	136	502	442	36	102	14	0	2	122	33	3	2	14	2	40	1	4	80	9	0.276	0.299
2014	C	1	マートン	(神)	0.338	142	591	532	58	180	32	0	14	254	84	2	5	0	6	46	4	7	64	19	0.477	0.394
2014	C	2	菊池　涼介	(広)	0.325	144	654	579	88	188	39	2	11	264	58	23	10	43	5	24	0	3	79	9	0.456	0.352
2014	C	3	山田　哲人	(ヤ)	0.324	143	685	596	106	193	39	1	29	321	89	15	5	2	5	74	2	8	95	10	0.539	0.403
2014	C	4	大島　洋平	(中)	0.318	141	642	585	92	186	18	2	2	214	28	28	12	6	2	43	1	6	56	3	0.366	0.369
2014	C	5	ルナ	(中)	0.317	127	527	467	80	148	25	5	17	234	73	8	2	0	4	51	3	5	98	11	0.501	0.387
2014	C	6	雄平	(ヤ)	0.316	141	597	547	97	173	28	3	23	276	90	10	2	1	0	48	0	1	103	11	0.505	0.372
2014	C	7	鳥谷　敬	(神)	0.313	144	644	550	96	172	28	2	8	228	73	10	6	1	4	87	3	2	80	14	0.415	0.406
2014	C	8	畠山　和洋	(ヤ)	0.31	113	464	422	52	131	19	1	17	203	79	2	0	1	3	36	1	2	54	17	0.481	0.365
2014	C	9	丸　佳浩	(広)	0.31	144	644	536	106	166	30	5	19	263	67	26	11	0	4	100	3	4	95	12	0.491	0.419
2014	C	10	川端　慎吾	(ヤ)	0.305	142	637	580	86	177	33	2	10	244	69	2	2	8	3	43	1	3	62	10	0.421	0.355
2014	C	11	バレンティン	(ヤ)	0.301	112	446	366	61	110	12	0	31	215	69	2	0	0	3	75	5	2	95	10	0.587	0.419
2014	C	12	筒香　嘉智	(デ)	0.3	114	461	410	58	123	24	2	22	217	77	2	1	0	2	47	6	2	100	7	0.529	0.373
2014	C	13	長野　久義	(巨)	0.297	130	523	472	67	140	29	1	13	210	62	8	4	4	2	42	0	3	75	8	0.445	0.356
2014	C	14	森野　将彦	(中)	0.288	141	588	507	64	146	34	0	13	219	86	3	0	5	6	69	2	1	66	20	0.432	0.37
2014	C	15	ゴメス	(神)	0.283	143	616	537	81	152	30	2	26	264	109	1	0	0	4	67	0	8	166	17	0.492	0.369
2014	C	16	坂本　勇人	(巨)	0.279	144	616	545	82	152	29	0	16	229	61	23	5	9	5	55	1	2	88	3	0.42	0.344
2014	C	17	平田　良介	(中)	0.277	119	488	429	55	119	17	1	11	171	65	7	2	0	4	54	0	1	65	13	0.399	0.357
2014	C	18	上本　博紀	(神)	0.276	131	600	515	90	142	28	5	7	201	38	20	10	7	2	70	0	6	97	7	0.39	0.368
2014	C	19	荒木　雅博	(中)	0.268	109	471	395	46	106	17	2	1	130	21	17	1	33	1	39	1	3	63	7	0.329	0.338
2014	C	20	大和	(神)	0.264	121	481	398	54	105	17	1	1	127	24	11	7	50	1	28	1	4	52	7	0.319	0.318
2014	C	21	梶谷　隆幸	(デ)	0.263	142	609	525	76	138	26	9	16	230	72	39	8	3	4	70	5	7	135	12	0.438	0.355
2014	C	22	エルドレッド	(広)	0.26	118	505	454	71	118	18	0	37	247	104	2	0	0	3	41	3	7	169	8	0.544	0.329
2014	C	23	村田　修一	(巨)	0.256	143	575	519	49	133	17	0	21	213	68	2	2	0	4	39	1	13	83	22	0.41	0.322
2014	C	24	バルディリス	(デ)	0.255	139	510	451	44	115	29	1	17	197	52	0	1	0	5	43	2	11	66	20	0.437	0.331
2014	C	25	片岡　治大	(巨)	0.252	126	484	429	54	108	16	2	6	146	32	24	7	23	0	29	1	3	51	14	0.34	0.304
2014	C	26	石川　雄洋	(デ)	0.248	138	539	483	66	120	16	5	7	167	36	9	3	16	0	32	0	8	98	9	0.346	0.306
2014	C	27	阿部　慎之助	(巨)	0.248	131	526	459	49	114	24	0	19	195	57	1	3	0	2	58	5	7	77	16	0.425	0.34
2013	C	1	ブランコ	(デ)	0.333	134	558	483	74	161	22	0	41	306	136	1	1	0	4	62	6	9	118	10	0.634	0.416
2013	C	2	バレンティン	(ヤ)	0.33	130	547	439	94	145	17	0	60	342	131	0	0	0	4	103	9	1	105	14	0.779	0.455
2013	C	3	村田　修一	(巨)	0.316	144	595	519	76	164	26	0	25	265	87	1	1	6	7	50	1	13	74	11	0.511	0.385
2013	C	4	マートン	(神)	0.314	143	613	566	55	178	37	1	19	274	85	6	1	0	4	42	1	1	81	25	0.484	0.361
2013	C	5	ロペス	(巨)	0.303	121	467	429	45	130	26	0	18	210	55	1	1	5	3	25	1	5	57	12	0.49	0.346
2013	C	6	阿部　慎之助	(巨)	0.296	135	529	422	81	125	17	0	32	238	91	0	0	0	6	86	9	15	59	8	0.564	0.427
2013	C	7	西岡　剛	(神)	0.29	122	549	497	57	144	28	3	4	190	44	11	3	0	6	45	2	1	65	6	0.382	0.346
2013	C	8	森野　将彦	(中)	0.286	134	457	399	53	114	20	1	16	184	51	1	0	2	2	54	0	0	61	10	0.461	0.369
2013	C	9	鳥谷　敬	(神)	0.282	144	643	532	74	150	30	4	10	218	65	15	7	1	2	104	1	4	65	12	0.41	0.402
2013	C	10	長野　久義	(巨)	0.281	144	642	590	82	166	21	3	19	250	65	14	5	3	0	48	0	1	101	6	0.424	0.336
2013	C	11	中村　紀洋	(デ)	0.281	122	473	431	37	121	19	1	14	184	61	1	0	0	5	32	1	5	66	20	0.427	0.334
2013	C	12	和田　一浩	(中)	0.275	142	581	495	63	136	21	2	18	215	76	2	2	0	7	77	1	2	63	26	0.434	0.37
2013	C	13	石川　雄洋	(デ)	0.275	119	523	459	75	126	12	4	5	161	41	5	2	5	0	51	0	8	76	6	0.351	0.357
2013	C	14	大和	(神)	0.273	104	454	384	51	105	12	3	0	123	21	19	9	35	0	27	0	8	40	2	0.32	0.334
2013	C	15	丸　佳浩	(広)	0.273	140	601	506	82	138	25	5	14	215	58	29	15	5	4	85	5	1	103	6	0.425	0.376
2013	C	16	新井　貴浩	(神)	0.267	140	548	476	60	127	20	0	15	192	70	2	3	0	7	60	3	5	110	17	0.403	0.35
2013	C	17	坂本　勇人	(巨)	0.265	144	620	554	73	147	33	1	12	218	54	24	4	4	3	55	1	4	87	11	0.394	0.334
2013	C	18	荒波　翔	(デ)	0.258	126	490	445	65	115	23	3	2	150	30	19	9	4	2	37	2	2	96	9	0.337	0.317
2013	C	19	大島　洋平	(中)	0.248	140	555	499	68	124	18	2	3	155	27	19	9	10	3	37	1	6	69	2	0.311	0.306
2013	C	20	菊池　涼介	(広)	0.247	141	633	538	69	133	27	4	11	201	57	16	7	50	5	38	0	2	121	4	0.374	0.297
2013	C	21	クラーク	(中)	0.238	132	467	407	56	97	14	0	25	186	70	0	0	0	4	49	1	7	130	7	0.457	0.328
